measurement_id
FCPH2HL-C5E0AA660D9C354A9538E00F
FCPH2HL-E88AC13FC218DB1E0FBEAD9D
FCPH2HL-FEDF31CC3D4D3EF63DA07F58
FCPH2HL-707863602D41BCD17E33404E
FCPH2HL-D0DD104E9892BEAE6CA60AAF
FCPH2HL-239D5748B0A50EED8721A7CA
FCPH2HL-E94DF4656E617E5CC2195931
FCPH2HL-DF35E48FD81B65C39C89C3CD
FCPH2HL-64A6716148D821A7DDB3910E
FCPH2HL-A5A52A2F3EC366D15841F5CE
FCPH2HL-200AC44C974F4C0327B08189
FCPH2HL-F7B07730922DF8E09F668BCD
FCPH2HL-65F427711E46409A5DB4A2FD
FCPH2HL-A51F8777A5F9765A5353A84D
FCPH2HL-B08F5BE6061311A3559A9101
FCPH2HL-EBCC0B26C21CFB1942A0C8AE
FCPH2HL-B74DD4D13C372E9741E6D4F2
FCPH2HL-775CAAD936B9640B213584C8
FCPH2HL-5986D646ADF9FA110AA3AC3D
FCPH2HL-BAE92DA5536E09A4236B22E2
FCPH2HL-616F421D06FAFBE30177A29B
FCPH2HL-C9CB14EBC2E83674B1C16DB8
FCPH2HL-C36E18B57668DD3557C2F0C2
FCPH2HL-BA20C880CCFE6AC4BD5F3151
FCPH2HL-D049AE90FDDF4F77C9A0FA55
FCPH2HL-8EA5A4EBADACD217D099C499
FCPH2HL-8929D80E63F600244AA7FD81
FCPH2HL-B407E8861ED80C04238389B0
FCPH2HL-FAA42A04CBB6D005615A0EF0
FCPH2HL-9AD8213B0D34C6E940CFCB76
FCPH2HL-4CB7CC52871AB2E0D5925B6C
FCPH2HL-0DDA0CA17FD0DCDE0B7FC9FB
FCPH2HL-9C533341E6E36DD8E3561D91
FCPH2HL-C9BEECA1BDD0C2CE36E9D177
FCPH2HL-0EDFD1540DE25614A52CAA79
FCPH2HL-77F34F443E82777B91AE4CB1
FCPH2HL-79ED1BBC4D0B5A56999257F1
FCPH2HL-AC115EE65268BDBA0D93020E
FCPH2HL-4B5B6D65190998539616E9FC
FCPH2HL-93012E51611507DC5E6EF85A
FCPH2HL-B710F9C67D542231E4C932A8
FCPH2HL-74DC39DD855E6EB7911FB405
FCPH2HL-AB4418720A5D67D5AB45354E
FCPH2HL-28F50E77594D592204FF8F15
FCPH2HL-087D6517E9E201CD80652042
FCPH2HL-DC41A5FD89E3FC98F3340A4C
FCPH2HL-8CEC5A43C1C40E1308EB79B6
FCPH2HL-FC7784C9D2BB3BB8D402EBEA
FCPH2HL-77EFC918D6CDA785E1D4F4B4
FCPH2HL-F0F5597D4D3E78BB1B3DF4EB
FCPH2HL-0D58C2CB6EF62B125C78AE4C
FCPH2HL-6E74CF2C0F155A57E3C1CAB8
FCPH2HL-F41A3966F0218C3F776316B9
FCPH2HL-113A30BA5D85915076E25FFB
FCPH2HL-B983AA4E9150088A1AEC4853
FCPH2HL-0D9966DC7AC98B1C693B0C58
FCPH2HL-7786EF7F0B01E3233C18319B
FCPH2HL-B3E4857F0958F0530EFD847E
FCPH2HL-7F24EE147A772F942E230240
FCPH2HL-CB072D7F6EA1B3C2CDAA65A8
FCPH2HL-F68AAFC89674DE76A31E1F0D
FCPH2HL-42AF14EF5B8E3C0B179728BD
FCPH2HL-F931FCE0421C1B5308F984C8
FCPH2HL-2F089B0B6D7CF63C1E42977D
FCPH2HL-2A9A019DFCE344375A7DF53F
FCPH2HL-C58CC039F5BE7457A6E392D9
FCPH2HL-D399ECCA7572F41C6FCA77B5
FCPH2HL-153811937CD464F128EDCADB
FCPH2HL-5CFD3319B69A98B4F006CDAC
FCPH2HL-7BD70F64607D4B9F35745F86
FCPH2HL-FBB4BB6C1319C583BB683BAB
FCPH2HL-62394CFA298CFCEC936462FA
FCPH2HL-1DEEFD9697114B49B535BB03
FCPH2HL-E22DD836AF52978BA2D86E9F
FCPH2HL-FD71C45C49E762B1F09C0672
FCPH2HL-4CA6E142FAF1436D39BB69EC
FCPH2HL-7FF58117964D13C78259ACE2
FCPH2HL-93A9170C1DFEDB07DD1DF4BC
FCPH2HL-E2C479C38D775F6EDF7B3F78
FCPH2HL-25316088CAA3E2001AF7A219
FCPH2HL-D29DDC6A863A264B83AF4626
FCPH2HL-FC6B66B3565F755F3307DB0A
FCPH2HL-181DAE9025A200F37B659CC2
FCPH2HL-DC75B83886421257CA6F764C
FCPH2HL-4E9A68CC93DAEC016B5620C1
FCPH2HL-46E8164DE82D4043E1788FB1
FCPH2HL-469F137FD238CF0684ACE4FA
FCPH2HL-77BC74366D3B87D7355B7AB9
FCPH2HL-AB26B418B21F9BF848BB236D
FCPH2HL-3BC38973233C332E1597B956
FCPH2HL-85609101A90E699356DE8CA8
FCPH2HL-B0CDC1014F34057536F42550
FCPH2HL-A952523C2E160012D44E868F
FCPH2HL-92B3D3F680834042335581B7
FCPH2HL-F24D852A1FA9C145420DF83F
FCPH2HL-7299212D32A14CBB86C18D18
FCPH2HL-F878D064BB524F11EC201BBE
FCPH2HL-F2986301CF785BD1B24858FE
FCPH2HL-1FB015CA5700250676A0D4E0
FCPH2HL-AFC3FE8776A11E753C085D95
FCPH2HL-DF3CCE936D62669571C4B67C
FCPH2HL-AC3B83ED6E8498312AE158F1
FCPH2HL-13BE5B297ED072C5941CFDE4
FCPH2HL-757567231ED3E8699AF135EF
FCPH2HL-B16A495AE187902CCB6113DE
FCPH2HL-739E5F001DB2DDD5403EB0A1
FCPH2HL-1FE743B49FF6157F0F8D166D
FCPH2HL-4869C8A20BA5FC42086ABE0B
FCPH2HL-BDBFD82104FD0D1AE77C6FFD
FCPH2HL-ABE9942D0AC19607FF066249
FCPH2HL-F4BC02E36C3DE17760645269
FCPH2HL-CAFCE49AB89B46304EB05ED1
FCPH2HL-F42E7B7A72DB235A85892470
FCPH2HL-2C770A7EF1E701B834D3B05B
FCPH2HL-AD9D69692CAEFCBA005BC085
FCPH2HL-F430CE4AA71F85D5BE24CF6D
FCPH2HL-18E0B5C684C9E31DAE85280A
FCPH2HL-D2DB9FF74771253E7B6C42BB
FCPH2HL-0BA9B7052778BF41CFAEB755
FCPH2HL-18F2CE8D927054BF1E843297
FCPH2HL-108BB77126D2649550179A6D
FCPH2HL-76274C3B5FA4F5AE1EE76415
FCPH2HL-DED7594E486536B9B4B68E7D
FCPH2HL-96BBEF115091A407E22CAE00
FCPH2HL-009FDA40EB50B6556BC62A53
FCPH2HL-261BA4B2E03BC7829E7629C9
FCPH2HL-94168D287828A5F64BF83038
FCPH2HL-54923B48607654657AB3046F
FCPH2HL-A54FDC2A89262868C7D85355
FCPH2HL-DFEF33EE8046DE3AB4CE6351
FCPH2HL-E2ADE2A3FBAEB662CD5F42D0
FCPH2HL-831501A7F6832D2780FC7570
FCPH2HL-0A503D0B33F1CE8CA059CB21
FCPH2HL-754B18F47723BFCA207E70D0
FCPH2HL-9DDBEA9A77426369E4036C5D
FCPH2HL-D735F829DD050647CACA7CDD
FCPH2HL-42E08019BEBE10D2DDF26079
FCPH2HL-384B57FA9AEE66213582989A
FCPH2HL-94010192B1EEBA8EE45F9E52
FCPH2HL-A9B370045DC732E706007BE1
FCPH2HL-24777552A8464B3A5C0C7D97
FCPH2HL-1CFBEB16955435E0B35752B9
FCPH2HL-FD627356268AFB2F78D81BB1
FCPH2HL-05D55C2A1A5B5388EBB4B07C
FCPH2HL-077E011570510C95746B2CFD
FCPH2HL-0727BB6F469E41D7BF0E7EBD
FCPH2HL-8466E7158A5FF5215692DE6F
FCPH2HL-340BF756DA05DC48808F508B
FCPH2HL-616354F9B98D25B24521C0AE
FCPH2HL-875ECDA55E18C01DDEAB16F6
FCPH2HL-54F30CA6F4341CEFEEE4B5AC
FCPH2HL-C1412417EA010DE869A9F66E
FCPH2HL-5420FDA938A02DF7B2DEB974
FCPH2HL-1384AFF7280812FF68E6C1FA
FCPH2HL-B365F1B30E2B2CFBF3138572
FCPH2HL-36D6356937E057FB8EA95C12
FCPH2HL-43A233FF446ABF14565384CE
FCPH2HL-E73AB55CDC47FD8162E96624
FCPH2HL-7BEA2FC578AB167F403A821B
FCPH2HL-646A58D74441CAA46D137A8A
FCPH2HL-4246A54A7A14B3A299934F3C
FCPH2HL-7C99404F6637D9D07D3F28FC
FCPH2HL-464D0F4FAD63B107045E1554
FCPH2HL-60C11F92EC5D398F4CC4A3EF
FCPH2HL-D43C8F24FA66AEABB706FCDF
FCPH2HL-A00A36D7919877EEDDDED369
FCPH2HL-B12BD1E61F3E9A11BA676286
FCPH2HL-2ECF60C6F106F66C093396DA
FCPH2HL-32A500308BF6A2B2D57BB937
FCPH2HL-31CE67016EBFD75606549BA6
FCPH2HL-FE604FECDA1AE085B198990E
FCPH2HL-A01E843F30830C22625F0567
FCPH2HL-E799EBE2211F91E7C43A88A2
FCPH2HL-31469ADC4E2AF741FA6241EE
FCPH2HL-F94E8AEFCFCD933B02045C9D
FCPH2HL-44E61D245EC92C190DE16312
FCPH2HL-DA772B34FB9538C54F5F05E2
FCPH2HL-57428DB0DC7FD44AE8692EE9
FCPH2HL-78452F9EA4392F7FA53B9856
FCPH2HL-874A7A4A6B00F72B588290F4
FCPH2HL-307A28AD057070DA973E0C2F
FCPH2HL-91C5136849677CF785EA16B6
FCPH2HL-F782BC2380D3124AEDAFCB0F
FCPH2HL-14D06EC3E58844F6EBC739CB
FCPH2HL-DDBAFDE175B44B69B2DEA21F
FCPH2HL-5BE36A3C01B3BF4CF407258E
FCPH2HL-2FBB9939770DC057250D53F6
FCPH2HL-91CA87C33DB6D5D24F6E966E
FCPH2HL-74946E2ADD8054F702BDE317
FCPH2HL-A1B3C11331381BD975C06802
FCPH2HL-D535F93C925D8D38B168BD4A
FCPH2HL-28EE665D9C92E5717ABC5DAA
FCPH2HL-CA3A3A5092940BA1DFF3403B
FCPH2HL-1945DCEC97091E66C363EBFF
FCPH2HL-82E7C0AFBDEC9150EF17241E
FCPH2HL-30033B4484DDE1737238B8F4
FCPH2HL-2BD6FF76CBE820D73CCEF220
FCPH2HL-A15C00E774FA37B13604C8AF
FCPH2HL-12935D2D218E94018E2ED0FD
FCPH2HL-81CDC5592AEB0448DEB959DE
FCPH2HL-106AFA49264F8C9697379824
FCPH2HL-A55B75F57D03F621427BAFBA
FCPH2HL-FAF536EF0DC03937E78A0073
FCPH2HL-169F88C1F23D948E83115400
FCPH2HL-CA2F66F7A1FBBE3D9E1949D5
FCPH2HL-099E58442F5E30DAAE0A0E0F
FCPH2HL-3B94E7E326501C656E4E45AC
FCPH2HL-3CF996DE2179D9EEDA97D52B
FCPH2HL-5D14C67DC81FE7840B830A6A
FCPH2HL-C4F535EEF1EDA48008A0D67A
FCPH2HL-2FB7CD07316564C0334677A3
FCPH2HL-557F15293D4FACF2729CC0F2
FCPH2HL-3E9D33ADFE27EAE146B0351B
FCPH2HL-0C2637E672D18240A8A98D77
FCPH2HL-6656C8EE0AA9782704517182
FCPH2HL-A87624E4EE05416751864D44
FCPH2HL-9910890AD442450DEB5F5B9B
FCPH2HL-10918700984BF9C6DD781447
FCPH2HL-CC25A933A17B6D9DFF1E5EB2
FCPH2HL-053D2953599F4B2FB20651C1
FCPH2HL-3F05FEEC82F994A37375E273
FCPH2HL-19CBB51E0B573E147B2143DF
FCPH2HL-41230D9BCDDB36E30F89053F
FCPH2HL-24219AE4CADD2636CFC354FE
FCPH2HL-17AB2EF032C534C553D6EE3B
FCPH2HL-99A81CEF02C41AD4DC78D688
FCPH2HL-012AA696A2DEF3D38B6F7466
FCPH2HL-C9B7E1B0512E83C51A42ABB5
FCPH2HL-E288E680A225A1B3DE578B4D
FCPH2HL-A272D4037B70D8117054C5FB
FCPH2HL-EDFE014125777E35689FB3DC
FCPH2HL-97E730841A5EAAA49C8FED1C
FCPH2HL-8A343914568359D0E70803AB
FCPH2HL-E3316015C9FA53534C38C3A5
FCPH2HL-43D19892E522AA386931F3B7
FCPH2HL-7A48BCCEFFA9557595F1B98E
FCPH2HL-BE1C4B0B17B20133434C68F4
FCPH2HL-E82187C18833A882E9DC8DED
FCPH2HL-62D91F15C8EA53CC34387436
FCPH2HL-E4CDBE234FE28A0A32AF3611
FCPH2HL-40E0F94A1226518F2984AC65
FCPH2HL-2FB5209CBF1F2D37A89DC02F
FCPH2HL-63CF34B7F64E01FB5587EBBC
FCPH2HL-48ACD7F9F97B71C442B96703
FCPH2HL-83C4FE98BE24DF34113E1E30
FCPH2HL-4FF75B191411A5F93FB8AA90
FCPH2HL-67BB2DE0F080FBD63DDA2565
FCPH2HL-87D87760EA02883436EC40F7
FCPH2HL-AFD4310A783A656A8CB29F91
FCPH2HL-F8AA9373194DE5A9AC9DA2D6
FCPH2HL-9B85F167A0466558A6A7DF68
FCPH2HL-E6AB184989D302141EE23FAD
FCPH2HL-B544089440505005900F6B07
FCPH2HL-A4B5362F94F0D8DF3815EFB8
FCPH2HL-93A7913A19C92886154DA5EB
FCPH2HL-B4F9D2546CE89F7EB9F7BE52
FCPH2HL-0B2E0E04F8B4760A9846C870
FCPH2HL-EA3997E224355CB4BB8CBE95
FCPH2HL-CFE1931E1C2F1E98AB3505EF
FCPH2HL-267AA5AD211DA804C4700F33
FCPH2HL-4A2FA96616766F5963FD65C9
FCPH2HL-59DCDA5C114CDEA3BD89DED8
FCPH2HL-57E3FAA1D4EAE3A071C79526
FCPH2HL-54E8DA60017D2F042BE59D03
FCPH2HL-2ECFC9FC05B94FC8F4523CB1
FCPH2HL-C805683B552676F1387526CB
FCPH2HL-994BE8BA415A2A579F5984E4
FCPH2HL-5580C471D0E81F5459A8EDC6
FCPH2HL-6ADCA087F37669C8004DA6C9
FCPH2HL-91854FA89B856D1E24BB06F0
FCPH2HL-35081675FBBE722C3C65260E
FCPH2HL-9F0DE1171707D289378F40AD
FCPH2HL-E4AA4F2BB7791D13CF67AC63
FCPH2HL-C6E8CAFB4F93EC192083D64B
FCPH2HL-B11282F17A4DA1AABD086AD7
FCPH2HL-627556CD9B520FD0DBDD8245
FCPH2HL-EA31FE06B275973005E7BAF5
FCPH2HL-55AF449AC83C8FC6048105A1
FCPH2HL-8EC3024F73479DEBA3738E5B
FCPH2HL-B2881DC26CFB2EF6D99AA08C
FCPH2HL-6EFB92649D3AF5AD3981D9EB
FCPH2HL-41B56724B6BCAC8628EFCE62
FCPH2HL-37245FB7247E18802D06EDA7
FCPH2HL-45A31227085C1681F2D48B7B
FCPH2HL-5A553CD1E7525A38B524D8AF
FCPH2HL-E82E7F497833505D2A29BED9
FCPH2HL-3418168AB068172D5406BE3B
FCPH2HL-271E180AC4D874B4A30013B4
FCPH2HL-B31659CA6BFDACD95D69AB29
FCPH2HL-F53920570D94C4F55421EFF8
FCPH2HL-BA7596E44F14AD190C4E13E3
FCPH2HL-B88881681516814BD8915F40
FCPH2HL-20F0C8D8AC2057AA010D9B8F
FCPH2HL-1D97A6B4240C0043BDF407AA
FCPH2HL-2B0890E456E3256965E25164
FCPH2HL-53445ED71A335AD726EAFDA7
FCPH2HL-C97EEA222BBBEC986053EF5B
FCPH2HL-C5214431913FFDF5045CD706
FCPH2HL-78373CD55EF442154D9D520F
FCPH2HL-3BF3ADC0D7B4551069998081
FCPH2HL-D2A8822AF844DB98654C808A
FCPH2HL-737BE2B34A82A92C8DD99C03
FCPH2HL-398040D8FCE9812C2497A995
FCPH2HL-EA46F7BB9429575A4498B404
FCPH2HL-596DCA25ACD3EE671EEEB947
FCPH2HL-0846A97DD5CD8FECAEE3D0BC
FCPH2HL-0E01C4F6855FD534ED0F46EE
FCPH2HL-955337532023D99D90EFFB70
FCPH2HL-BFF41DFB3733D10C1DC465A4
FCPH2HL-0711F0908DE21B64CFD2F0CF
FCPH2HL-588983EE6452EE7F1DCDB3CB
FCPH2HL-2929F5D2A82385D08548D5B0
FCPH2HL-33D35B10F89959F18FFBD89B
FCPH2HL-19F368FEEF104FB335691637
FCPH2HL-0529D64583864E7721BDBD21
FCPH2HL-21C26A615D2024F2D99B9095
FCPH2HL-84B361DD876A9D9226263364
FCPH2HL-BA0C2C568CAA85FE4ECBFDF5
FCPH2HL-1835C3D0F297114F6CC0CB47
FCPH2HL-9ABE21DE66EADA5478AB00EE
FCPH2HL-0A878EA8D184C312A4EED39B
FCPH2HL-62A983D6C5C16D8021A70310
FCPH2HL-0C948BB04771B7DB61EB2782
FCPH2HL-FF5256F06E5678CB971C160C
FCPH2HL-7647DC3C4E0B18985455D372
FCPH2HL-CDEAA3E30B491EB0B59A1F4F
FCPH2HL-EE75D72CE245F4356076D8C1
FCPH2HL-45C6BA0762DFF45A9E51B0E9
FCPH2HL-CE82C033B66355F9D5633A5C
FCPH2HL-E2C5ACA56B0CDDC24F36BC9C
FCPH2HL-23F2FDC76C8F921F36D7FA98
FCPH2HL-E3E7544487855EA0AC69570B
FCPH2HL-51D1622506E442F5F7AC3B25
FCPH2HL-A681C297A50375644964E5C0
FCPH2HL-8842476409D90770AEB943D6
FCPH2HL-FE10F4A031660D67C119A852
FCPH2HL-932A2C31F07210019BC8AF84
FCPH2HL-4D9E0F3955C803B6D4411407
FCPH2HL-29A34E5BC610BFB92D724442
FCPH2HL-F392A532DDE31F38C577087E
FCPH2HL-0C2E9C39D759965D42620A95
FCPH2HL-912C35EA919FC7807F5A7853
FCPH2HL-158A521B2B92235DD64B28F6
FCPH2HL-090C42A79294AF1DBD4AEEA7
FCPH2HL-0F38C3731D3F0A65F56CA893
FCPH2HL-24A245A31FDA872D57A39E48
FCPH2HL-4C3CAC99F075966D2D8D7E9F
FCPH2HL-1B592DF282E655DA80E261AD
FCPH2HL-1AD45D3C21AA971ECA13D8BD
FCPH2HL-765526B4178746F8D015ECC0
FCPH2HL-EDBB952B6B37AEB052F0C368
FCPH2HL-EDC9FA7568CBE9DE9DC2FD4C
FCPH2HL-A1A14681F39FAE912160B6EC
FCPH2HL-20E9DAF09509A6E403E6A736
FCPH2HL-9104BB98AE16ACABE52F0CE4
FCPH2HL-AE9B7CEE282E94E18E5C948C
FCPH2HL-23E3BCF3C0E32EB03C760E25
FCPH2HL-5792A7178324EE7425BA7E55
FCPH2HL-6CE048EDBE165EB126C0230F
FCPH2HL-ADC199854E7281021CE904FD
FCPH2HL-9814537810CBC47B6F2E64C2
FCPH2HL-B237450B8A49471FBE343BB4
FCPH2HL-CD145078427377BCED375509
FCPH2HL-EEC238E9E80BAF01046C75B2
FCPH2HL-BB175E069552ABF9C041269A
FCPH2HL-435CAF6BDB4C811209D298A7
FCPH2HL-5D595C383A58D889BC74DE3C
FCPH2HL-7539FB4B3E1A8395681E9F34
FCPH2HL-0AA12FC2A99093E1ED9394B2
FCPH2HL-45310C79A9956E0C9A6421F8
FCPH2HL-9B1FC467B42D47D78D4D823B
FCPH2HL-45441872BE612BED1E8ADAD9
FCPH2HL-21DD2D5E80CA27A96DC7392B
FCPH2HL-D2B2FEC216D14C51DA3C098A
FCPH2HL-EE190AA5BF0499447062784C
FCPH2HL-D49544F61989737CE5986D51
FCPH2HL-43CA481C389ACF23004FBD64
FCPH2HL-3A42B2F6B42EA58AF882F88E
FCPH2HL-BDA418EE16D5E5AA15413F08
FCPH2HL-7849D90BA00FD210C799D42F
FCPH2HL-7519DA7D545A200A25876ACF
FCPH2HL-01A2970824992ACE48397303
FCPH2HL-821C6D36ACFF5A1E3EF452B6
FCPH2HL-E6F7CBD9BEB9D20E7D2E98C3
FCPH2HL-EE09C34FA3F508ED10D69AE2
FCPH2HL-21F350D9DC589C4FA7FC0EF9
FCPH2HL-D4CD7A5B702B9D9DF4E163A0
FCPH2HL-18780BB07C9DAC9EDC00B26A
FCPH2HL-A51F79ADF743516DF9EE3CE8
FCPH2HL-6D2C99F70A5C2F3279724F66
FCPH2HL-EFEF1F902997A7B27122CCB7
FCPH2HL-9A729752249AAB3EA2D46316
FCPH2HL-0CAAD756A9A68A7B2AE8BB4F
FCPH2HL-8B86B1AE812D28299557A473
FCPH2HL-ACDF566DCF61EC3DDABBD98C
FCPH2HL-F82762402BC4F565D1FBEDAD
FCPH2HL-578E588EF10FCEA2D9420AFC
FCPH2HL-01D52697B3C2A131ED334F08
FCPH2HL-2D9A7C2B010860CBFCB6C67E
FCPH2HL-560B6A22A0CAE566ED5EF785
FCPH2HL-899195FDF2DB9DE5C56F2DFC
FCPH2HL-E2CFD92B11C14928500B7F52
FCPH2HL-0F9186424F77841EEAA65EC4
FCPH2HL-221A589925EE16E4595F8CFA
FCPH2HL-7FEA58524C0D12D753F62E2F
FCPH2HL-EEFBDBD55C234731FC9E22EA
FCPH2HL-7FEC585AB1B55711AD6ECD9A
FCPH2HL-93D49EBAD2159A2F415B92D1
FCPH2HL-A804755A9C925FDA329982CE
FCPH2HL-0EF12BEFD4AAF4E7D41B56FD
FCPH2HL-7D642EEBAFE4CC9A11593F5D
FCPH2HL-94DA0E298A35D18BD7EB9B6C
FCPH2HL-198EA5B42AF1CD7459C7DF1A
FCPH2HL-C2B01CD1A1CC792E2E097353
FCPH2HL-C13378B199CC1AFC0DC22757
FCPH2HL-C8EB0B9649D6911F125830BB
FCPH2HL-7E33D6711C0981A69D85CC77
FCPH2HL-4CDF82A819B90382532B8ACE
FCPH2HL-E2F6B65A00A88F9775CC6D51
FCPH2HL-6BB054BD7F74104E8D6C3BFC
FCPH2HL-144E2749450C6480AA2960C2
FCPH2HL-4F259ED0E3B1323DAC1CC541
FCPH2HL-949E6486F28C5EE77A8AA8DB
FCPH2HL-D4324083F1364B8327695E7B
FCPH2HL-725D43FB425E8E69A9483FD9
FCPH2HL-1B22CA0C3954B77220D9E1CB
FCPH2HL-4C17C99A3492EC4BC2AD2112
FCPH2HL-98619D7E51FF800920D34D9E
FCPH2HL-B88F43BD32F735535F094A11
FCPH2HL-5E5418528B2F5690C1427242
FCPH2HL-CD071DF0101C1AFFBEC0C994
FCPH2HL-676244F948EF104007736046
FCPH2HL-E1A477CC178209DD42419356
FCPH2HL-0B7953BB01283DB8C5604FD5
FCPH2HL-679A7149E6A21147EE514565
FCPH2HL-923B6598197523E4ADC6087F
FCPH2HL-A9AE05AE9920CE9961A61934
FCPH2HL-4D48FDCDB7F61EEFA3EE3FE4
FCPH2HL-4B977CE2840E179DF8840715
FCPH2HL-621439BAEA62D10DB5D03771
FCPH2HL-73C6E70D20A39CF84ED26995
FCPH2HL-2016467A79A5CF073C718735
FCPH2HL-1CC2D333EC9C16834261BDA3
FCPH2HL-4C716A1E320FD303872166B6
FCPH2HL-C7930E4D408EAD79C2D5A098
FCPH2HL-1168B787BA0D7D3A3F13B055
FCPH2HL-76D29444E9E3E6377C45A2BA
FCPH2HL-68D8BF074A5F3575647E4383
FCPH2HL-FFBD17412D5359A65B394E67
FCPH2HL-23EA6ECD4D1FD0078654CB91
FCPH2HL-F125A2721B05334B9855F537
FCPH2HL-0064BC5D322132A88DB99508
FCPH2HL-E6B2B31CBF6FF7EE198EAA89
FCPH2HL-113FF701905077E1A5FCA915
FCPH2HL-BAE3DA885286B55C6887273A
FCPH2HL-E64FF7EE48DFBB16F1B967AD
FCPH2HL-C8F271B2B0BCFB417716EF1E
FCPH2HL-A67960BDEDE002D03BA38C96
FCPH2HL-A4AA7839EB6D7EF76A281867
FCPH2HL-BF2E5E19725593B48B77B888
FCPH2HL-62140AF6DE6866408D8AAB62
FCPH2HL-E2CA5D2D522DC96F57B3ABC3
FCPH2HL-FA5E01BC565E1CA1DC411D5C
FCPH2HL-4DCFFB221CFCA4B0D82C1FC6
FCPH2HL-9507CD0BB3096BD09A3A963F
FCPH2HL-1416A1856488568195C35D73
FCPH2HL-6EE9904DD3009D6B74FA8C0F
FCPH2HL-CE147D3C29438FB9818F948E
FCPH2HL-C771F3F672B7C963DC0CBA84
FCPH2HL-564D4A1A88A3E441FA8DABD2
FCPH2HL-F32EABA871B3BDD3A375C725
FCPH2HL-AFEA20C25DBDC9A5A94794D7
FCPH2HL-30F7698C02FE7AD40CEBE1B5
FCPH2HL-F9808EB5D8FEBA6EB2D277F7
FCPH2HL-46BE5120E095E16092D1DA65
FCPH2HL-FD3F77D56930DB17A1BCC974
FCPH2HL-AE92820E7D634874842DE7C3
FCPH2HL-634BE4067C763FD5E4DC3458
FCPH2HL-F052956CA618D6874B0B7E74
FCPH2HL-1683D5B3637B68AAD49C4427
FCPH2HL-B7CA0349B82ED9A1D81EB26A
FCPH2HL-9D2D312E8C39CC4275212CCA
FCPH2HL-C4C6E2E48709E5FAF02D8F84
FCPH2HL-DA995070AF54E2555BC5D762
FCPH2HL-2C8890CAAB05544EAFD69D6A
FCPH2HL-525CAEEFA41EA3AA2814859D
FCPH2HL-18D09ACD1620EA6980F93B6E
FCPH2HL-D4B5CBC3B3CA33BDFE5F3825
FCPH2HL-F5F7C0112034AD966C99CDB4
FCPH2HL-E3D0D79AD30B2D4F1626B113
FCPH2HL-ECBFA7D7C611BA35B39FF3B7
FCPH2HL-B37E48D37AA4DA1BD9E31FE0
FCPH2HL-C75745E2BF20B10F9A380055
FCPH2HL-6150E6EB4E3FBB02B5FE540A
FCPH2HL-558F558DD82128D332FDB29A
FCPH2HL-21CF64918EE8C10145A29C8A
FCPH2HL-1C9F2535831BEA95393C3D70
FCPH2HL-74B27AB05F0434716F5CBC6B
FCPH2HL-465F33DAF8E2B6CA779E587B
FCPH2HL-93D5E383377E19E238283025
FCPH2HL-02ABA3FB360FAC6F3312791C
FCPH2HL-C06E22459FF97C7379343441
FCPH2HL-0E72FAAEF1B1A1DC959FBE14
FCPH2HL-F4B487AF380439D6BE8EC5FA
FCPH2HL-5424FF90A3FE5940132E53FC
FCPH2HL-C95022AC85907DB32AD741AE
FCPH2HL-D85CEF6F2E80DCE2F727EE65
FCPH2HL-8CD07B230267D1A61D0DAE7C
FCPH2HL-5A265795C398B6C759E1E74D
FCPH2HL-D423CF5428486D656F74AFB3
FCPH2HL-8F174F50759BD6474685C0A7
FCPH2HL-5EFA94A516406FA717C60693
FCPH2HL-19D2CC8DDF5960BB8130141D
FCPH2HL-3E156282F8CF9152FE05BA9A
FCPH2HL-CC0235AA02D9F2347757BE50
FCPH2HL-CF1600D4142C881AF24562BA
FCPH2HL-A99EEFD787C263D1250696F9
FCPH2HL-1120D43EFB69627B6E57AA26
FCPH2HL-7B24D0BEAFE4FEAC42ACAE78
FCPH2HL-4C982023FB34B6207B1AF3CC
FCPH2HL-6AB33E723AC265147FFD846C
FCPH2HL-03B84613AF7B119A6E739719
FCPH2HL-B1ABB92B987B39A916C9DC7B
FCPH2HL-7E3084988DDFDAD7D5FEBDAA
FCPH2HL-AE650A3E8DBAD46B1A8451F0
FCPH2HL-DB7CB7E9FD64CAD5E32337E3
FCPH2HL-B16973B735D81DE0C44948F8
FCPH2HL-7703C4801A7B9D397AE1BE7E
FCPH2HL-0A77AD42530652F7DE05C026
FCPH2HL-5501DE84AAD863B1448D798E
FCPH2HL-85C03759D1E0948715FA72FD
FCPH2HL-4271AA4AACF33AC29325B9D7
FCPH2HL-9C93D8BFEFEDF727D698915D
FCPH2HL-EB2FF8235A53CCAE31ED08CD
FCPH2HL-57B127EC765C798F807940D7
FCPH2HL-36B6477147B206A58460C269
FCPH2HL-12FBA61C3E378C3780FD57A8
FCPH2HL-A5440E32AA8C48982258F2C8
FCPH2HL-00BFEB255E45ED3F5DDC6E0D
FCPH2HL-2570E57FF45679A5BF82DE4E
FCPH2HL-E68126E85ED805E556939918
FCPH2HL-AC75502CAED7F7C5600E6D8E
FCPH2HL-7348F1A24EEDE741C3B8373D
FCPH2HL-00374BE8FB0D2656DC1BB7F1
FCPH2HL-73C8936FE31B9F9B90BFD8DD
FCPH2HL-76E42075EC1E7B19D1803350
FCPH2HL-9D13C435B0FF0D5E94926EDC
FCPH2HL-EC3B5159FE146ED2E0866D18
FCPH2HL-D93E095053E9CAC3D81E4B20
FCPH2HL-728CF53DFB3BA94B6AA909BB
FCPH2HL-B0825CA04B632FAA358C5D36
FCPH2HL-AEC7C8029E47596BDF960957
FCPH2HL-7773CB131DF5BA1BA97B3B73
FCPH2HL-5F28DE764530A3A1934F05B5
FCPH2HL-CF2F7ADEF23CFE4280D9949A
FCPH2HL-1E544034EFCC957771927F6B
FCPH2HL-7ADC0EB5EA84ACA8B10FF2A8
FCPH2HL-F1D90494992BAF67A75B2EB3
FCPH2HL-7D12BC9E785DF1F74352D83F
FCPH2HL-65DDA0F03BD60D8B4EBDE9A7
FCPH2HL-69529A95880DB4EDBF071BDE
FCPH2HL-8B2D4DD452D91AE4604606A9
FCPH2HL-2EC8DAD327AFEAD0B6BD03C3
FCPH2HL-50A727056BAB57CC5C7E05DE
FCPH2HL-48A91E9E6CE47E9A09BB23F9
FCPH2HL-50B151654D842100EF0FEC81
FCPH2HL-08269491ECD45F4B0A86CDAE
FCPH2HL-5CBBF4A815FE05C3B67F6054
FCPH2HL-5A3026DD653D8B0842C226FF
FCPH2HL-9EB62C2E1350AF54E586C9A0
FCPH2HL-EBA6E2034E7C9D075AE5ABA5
FCPH2HL-5F587D2615FE3485F7624A44
FCPH2HL-2D49D2B4F368D0F609355FB3
FCPH2HL-B8DBDC08DD7173A03483D755
FCPH2HL-A0119513E1CEFD24C572387C
FCPH2HL-2FA835D5798895D43E296CE0
FCPH2HL-1D1DC426D7C0FE04BF2E2F37
FCPH2HL-B06C96F3DF23F921E4CDB506
FCPH2HL-3FBB2D3022FE48149C5FA736
FCPH2HL-9D46680257D080BB8B17267A
FCPH2HL-82723F8CDFBE716FD7C8C6E6
FCPH2HL-5A68C9CF7DE8D250C862F524
FCPH2HL-DF653C2C0810315F5A0EB977
FCPH2HL-EE5226A3F836DC068F0802E7
FCPH2HL-AA67D6870B61FA71DD46D9A6
FCPH2HL-839A03539569BEC7A8F84FE5
FCPH2HL-80E715CFC6E9865220DEE482
FCPH2HL-8A65889366D083EE93729C6B
FCPH2HL-FA9B97BAD6E7C9E5EA76C381
FCPH2HL-AD3684D2F1A8D7E0E0DC1070
FCPH2HL-13B4D7774DF4893BB543E0B0
FCPH2HL-56CEEB3420C11882969B4387
FCPH2HL-26D89388F3C60CFEA11C052E
FCPH2HL-307A8CDD4066233BFE45770A
FCPH2HL-FB4B63136EF1539FD0697C1F
FCPH2HL-F5E4E4CAC454CB78F581E2C9
FCPH2HL-2F9DFCDF7346895CCFDC4E9A
FCPH2HL-E8A19C06E24192592E05D14D
FCPH2HL-2F569A5A686E699E700BED91
FCPH2HL-1E719BB29F1A25A6953D7872
FCPH2HL-D71801B1CB5D8670C80219F4
FCPH2HL-1C55102AC0C611B83BE75CF0
FCPH2HL-B44B2D124FF24028142BF7DA
FCPH2HL-90EA10EC8BD8EF11D6CD5C0B
FCPH2HL-C1D31E5F07E4C15508545824
FCPH2HL-F0C853B7378413099615A380
FCPH2HL-C6EBCC8F42FBE01CCCE497AF
FCPH2HL-1E795C25B73499ADF3759322
FCPH2HL-EC608FAE9DAFAE6802A7C514
FCPH2HL-044A0D20A6B4091EFBF4443C
FCPH2HL-1C02529C51D5E208C2FDB028
FCPH2HL-813C5C0F43D185AECD39D8D1
FCPH2HL-E7160DC91D0D66A5E153C6C6
FCPH2HL-3B85E3FD9388A67B0322A762
FCPH2HL-9E24C8210E494E577F17A129
FCPH2HL-3CE85D29FF19DFA60DB05CC4
FCPH2HL-795EC3EC850E1B99A34ACFDF
FCPH2HL-A952FEA9B8CB9BC533CB2BEB
FCPH2HL-D66DB9958E60EC4CDFBE6B6B
FCPH2HL-A1B535711CA18A1968A99819
FCPH2HL-76D4C8A48BB1D759A8938492
FCPH2HL-B87A9385715392A45F86697E
FCPH2HL-312B913958A07F8BDB82AE8D
FCPH2HL-A96D62D5001893BA5BC250C4
FCPH2HL-35091B0F546023A82F0640E7
FCPH2HL-B47228AC95AFCE0C5FF442CA
FCPH2HL-AC27E3BEE72D39F9CDEF8C44
FCPH2HL-11C3D4F4D9F44854B029E685
FCPH2HL-DDF4982804C9F28BBC7D27FE
FCPH2HL-0A5E1ABF4102F2113D632CC2
FCPH2HL-4F750150B2CCD1F0831AF752
FCPH2HL-F44F1877CCDBA64FCAC4598F
FCPH2HL-4BE44165823E3001D70A5D95
FCPH2HL-225C7EBB1CA20FB31CB45EEB
FCPH2HL-84B4349F935430ABFF7BFA04
FCPH2HL-0586496CAC735D483BFCEDD1
FCPH2HL-079337AADF90CFA88E98FE88
FCPH2HL-3131F783C5402B8A38E792E6
FCPH2HL-AED9B1919A08F0DD3ECECA16
FCPH2HL-232FB907F6D320E7B0B470BE
FCPH2HL-0DA94690C43D4F0C2DBD2357
FCPH2HL-0CF05BA81392BA0F55EE0D7B
FCPH2HL-3305EC79068329553D1C0CB4
FCPH2HL-B79D93AEEC6A99F4661D3A1F
FCPH2HL-0FFE92714E80B93D410AD17E
FCPH2HL-859E5C2BBC339789ED717CA9
FCPH2HL-1DD672FBEF349A1A92EA02E1
FCPH2HL-A2BA5FEF9D0B08BE82970CE6
FCPH2HL-9D3AC6425D789F2FA794B01F
FCPH2HL-F739098DC664564DD553AE7F
FCPH2HL-A71C613B61942FBC8B6AB859
FCPH2HL-2E5F4D2CFE3192C742B88E54
FCPH2HL-30BF0BE6D15DDC630B32B4E1
FCPH2HL-21054C47D421D38C9128CCB0
FCPH2HL-4B6CC8C6D61D98E3238D3689
FCPH2HL-AC639BC8D63EAB83F0EA5C0F
FCPH2HL-63EBD6BFC3736BEBBACCE81B
FCPH2HL-A763FB99EF279BE614E37818
FCPH2HL-5F6F3C6AA17C90443572B3DF
FCPH2HL-958931FD813585DCC1A1D903
FCPH2HL-61ECB3514E4E4CE041DD48A0
FCPH2HL-9CECA331D88E75B8A741B8CB
FCPH2HL-A03A2B9CA43D8CBAB71E7BEB
FCPH2HL-A9F18B8B89E475F84A72831D
FCPH2HL-7F5DBE557332C13F1D2539FA
FCPH2HL-4B6EEC3489496220D461A0AA
FCPH2HL-576F019EDAB834ACC7A4C895
FCPH2HL-4DBC28C220155A5FC6DC95E2
FCPH2HL-9B72BC0C63DB5D61FBC0BF76
FCPH2HL-685C54B877BAE48F291AA667
FCPH2HL-A1DD55CA29B87746E663502F
FCPH2HL-8B870A4467602A8A88654133
FCPH2HL-D2645919632B623FF429027A
FCPH2HL-9291DAB4B367ABBC8EF4A0BC
FCPH2HL-FF759BDD31536475287D97E7
FCPH2HL-1C42401B34FAE31D76F5E48A
FCPH2HL-3E6A3AD5FD10AEE75F32A8AE
FCPH2HL-EE4C952CD4E849502AA3F019
FCPH2HL-FD6EC2EC2439CD21DE15640B
FCPH2HL-185364A421302F1626DCA6C5
FCPH2HL-61DADEC4CB5314FEE91361B9
FCPH2HL-A5F76223D95A39C67259245B
FCPH2HL-507921537A64E3BD2DF0A785
FCPH2HL-3A6B9145BCBBA8034A59D2B8
FCPH2HL-F2BE2585E2E9914674FD4F1F
FCPH2HL-E5838C1F6C1404B59DB2CFBE
FCPH2HL-98FDF81DFB5EFFEAC7A0D970
FCPH2HL-3D11E97AE0F9987F243475DE
FCPH2HL-C32CA8EAB138B507E5CA2984
FCPH2HL-14FC92BFDC4E352DA9EB03D4
FCPH2HL-6B6F5E20D5CCECC7EE64F3AD
FCPH2HL-9D97FF2A309856E341023B9B
FCPH2HL-6B469E0FB01FDA420F2B9776
FCPH2HL-85D3D0030520DD4E5085D1F0
FCPH2HL-C2473E5DCE5C0B96855512DA
FCPH2HL-AB32E9F601E14C60E4B3DC55
FCPH2HL-AF9409CFE8CC6AF4A2EE22B7
FCPH2HL-66369E9A484B451E69BA882A
FCPH2HL-1E5CEB834B8818D8C05B6072
FCPH2HL-F2EF2D52C0A23529D4E0F4DA
FCPH2HL-C45B545D81FEAF3BC4E5BC5B
FCPH2HL-593F44E106F49B2EEED50E05
FCPH2HL-92F05ECE136F05671344409A
FCPH2HL-502C511D252E086DA7FCD49D
FCPH2HL-5C4F675375E5B154DC6503DD
FCPH2HL-FC0383D5A55FF873171930B7
FCPH2HL-C9A6ED544FD698F40793DC79
FCPH2HL-4953A943BF63D0CFA0B3843E
FCPH2HL-9D74EA8DA87AE03036BD8D1E
FCPH2HL-C3BB7BED96A57C4120C5CD31
FCPH2HL-0C9494982EC21BF038A8D623
FCPH2HL-6FF2B4E80C488CD4CAD3E2EB
FCPH2HL-03CEA2E3B5EAB627E87E1B5C
FCPH2HL-2F5EDFBEEF158E8606E73748
FCPH2HL-DB9E1C7D373BFF8A85C4CF19
FCPH2HL-BAFE4E6590C9B609334C4BFC
FCPH2HL-9D6630D75FF0041118E312F1
FCPH2HL-149222E19C2393ECDD689E13
FCPH2HL-16876F3BD8004867C1B64FAF
FCPH2HL-70EF6A6D02FAACC7B65380CC
FCPH2HL-000E095FD4D030B77ECBA856
FCPH2HL-4146D690FA08EF985F62B97E
FCPH2HL-1FB9FC3D85AF3DEBF23E4EC1
FCPH2HL-1622F84569C16F1FE1B58987
FCPH2HL-CB55B928187B52588363FC8D
FCPH2HL-467588CEEF4E697227EC711C
FCPH2HL-5B0934E7F97E8FF7DFF78866
FCPH2HL-ADDF74A77211EE9EA626B656
FCPH2HL-F169DD33757715CA5C416BAC
FCPH2HL-E1604B37A26D5C3A598928B5
FCPH2HL-7C90254CE23A56A87B1247BB
FCPH2HL-0B405766D7B12666715D3760
FCPH2HL-84CE659F84840E39B643C7A2
FCPH2HL-8A898518EAD58EAD149C3D2D
FCPH2HL-2541AC53EF6453574BF730CD
FCPH2HL-A579FC65F7E27B304EF75788
FCPH2HL-FD234B675F3A6464970DA275
FCPH2HL-A6110E3614746E1699E7B3A3
FCPH2HL-76E642D22FECAD6760A56F30
FCPH2HL-36066625B7B5CEC1BF1E3434
FCPH2HL-A8E45C8E96D02D96A4C0FB8A
FCPH2HL-4C3E8EFE0DDF8AC6A061C00F
FCPH2HL-6097CFAFED71E8DA9F51BBC7
FCPH2HL-CB2A5EC023879A052A45EE50
FCPH2HL-99671377DB7A96A4F21BD43B
FCPH2HL-C62D61CECB3ECB51D8D3F343
FCPH2HL-71474038F48D88FA5D9C1460
FCPH2HL-93F9E8FC67C39C0D15B33ABB
FCPH2HL-667D07EA1D2B335AD9A92DA4
FCPH2HL-3083933C57B7B82CAF08D708
FCPH2HL-259F85D023695C67266852EA
FCPH2HL-19C267242C0A5CEA30F93F91
FCPH2HL-D2B944AC556976BE5FCC33E8
FCPH2HL-B890938421CDD37A18C9C76C
FCPH2HL-F422907DA372A98B0BA2F899
FCPH2HL-1ADDDDCACCCE298CE92755BD
FCPH2HL-49990567A5B377FAD4018533
FCPH2HL-CADF83F89D79ADCA174D16B5
FCPH2HL-A390F3B0B044EF7310DED609
FCPH2HL-932707E8EFB4E506AA167492
FCPH2HL-204F839BA1A345C3A08901F1
FCPH2HL-2B74185E0ADB3060CF2FADF4
FCPH2HL-53221E7C726894B60471C996
FCPH2HL-D6035A763D394372617E945F
FCPH2HL-627B045E368D1C1629DF6071
FCPH2HL-154E425AB0FB3EC886A4C3DD
FCPH2HL-01E84727838DDDF35ADB823D
FCPH2HL-99B3309255D022E8A78F83AC
FCPH2HL-630A77C5C722C5B974AF2F73
FCPH2HL-2378D994A1C33D6EEFA33D15
FCPH2HL-0FC9268F16C5CA1ADBE5465F
FCPH2HL-FD65E0A82D25432464A40D27
FCPH2HL-96155B92B8CC803F171848BA
FCPH2HL-FA56D2AD79AF8A268E25CD3F
FCPH2HL-95889EA163DBFF5892BF4E30
FCPH2HL-148484408B768C8B448BFF0C
FCPH2HL-D61484EB7D2D77FB1D396D92
FCPH2HL-7164888F8FE2FABBCBD42DDB
FCPH2HL-FB1739ED76C5C6DDE6FD9832
FCPH2HL-3DAA046929552A95BC207B5E
FCPH2HL-F4A6A7700B7B88708E99CA8D
FCPH2HL-48B525068845D6838A9F5C17
FCPH2HL-BAD6F829945FD0E5CCC53FC2
FCPH2HL-1549DCC06C42CBF3491CE60B
FCPH2HL-E59CDD1CB13AF2F74D2C134A
FCPH2HL-D45FA8533400D160CC14745A
FCPH2HL-FC883816863B3C4D0E7FF195
FCPH2HL-FF2699BDE5E9631CF0D82010
FCPH2HL-3DC901EB30430AC793834901
FCPH2HL-BC7711E1241D06A3029D611D
FCPH2HL-4B685BD3E50A3335D8234124
FCPH2HL-B34E075A7D91CFC990DA654B
FCPH2HL-6481A5AB5FDFAA92AAD6248D
FCPH2HL-80FE0B8F537B963ACFB91C58
FCPH2HL-079CD0FE277C3ACF8EB1BA78
FCPH2HL-B98B8FBC5F0C8170D4B78815
FCPH2HL-1CFBBEECA349EBD67F2D6EB2
FCPH2HL-E3067A94EDB386F258DC597A
FCPH2HL-00D1324B8C1A041DDD4CCE9A
FCPH2HL-55012D293A7F6C4BABCDD1F7
FCPH2HL-092A8B63D34DFA7E88829E47
FCPH2HL-B14EE8895DD7EC13498ABFC7
FCPH2HL-9F08609750D03620874E4F16
FCPH2HL-DE309783B08A903610B03B98
FCPH2HL-E0CE62FC7EAA0C5BE9DD85B2
FCPH2HL-19CF3D82640F45572C2E232E
FCPH2HL-9E91E84221A709C2DCFEF0A2
FCPH2HL-1287E92435AA8B9FC334ACB0
FCPH2HL-1F36382C4D5E2108D6FBDE71
FCPH2HL-D3FD55E3C71F2E98586B0ACB
FCPH2HL-96D5E6D70DB39EF05FFEA625
FCPH2HL-8FF64986C954A6B1769E29AA
FCPH2HL-886370FE68721D8423D95696
FCPH2HL-7B65490F1C8BDAFBEE906840
FCPH2HL-E8FD4209945822C3BEBDB90D
FCPH2HL-2A86DCBAF7B5814BC08EBA58
FCPH2HL-57A32417482FC8E6EB076248
FCPH2HL-8B2A4C6E82AA4B460C65092B
FCPH2HL-63FECDF10648703FF50E7CDC
FCPH2HL-95A99F521C686C8383B2CBB8
FCPH2HL-6A4BAF183554253C0722CC61
FCPH2HL-1A9DBF3FD03D95525117D032
FCPH2HL-CAD20BDE1B09A322C51CB955
FCPH2HL-89D2BA37E349BB4803A859C3
FCPH2HL-769272CB499BC2384892D8B0
FCPH2HL-1A81E253F3597151A147AAB5
FCPH2HL-AF8870C7B3A1954066E9D7FF
FCPH2HL-4C731D288A1B905A5C5044B3
FCPH2HL-99FC3B0EB8ABB0B06E80FC8E
FCPH2HL-FBFC0AE46538B4A3AE741EA2
FCPH2HL-23473A90D8DCB815CF0A2570
FCPH2HL-CDF0FB6AEEB7E747D2C86ACB
FCPH2HL-1D3DC66519D65B67F9F9BE8F
FCPH2HL-BD48AE19235DB52D1037101B
FCPH2HL-054B4125F8526F1CEBA3A870
FCPH2HL-388D10500B523A4926CB4439
FCPH2HL-098082DD07861C3860F68068
FCPH2HL-4419972EC9736E2799960371
FCPH2HL-9B3696AF39BD5B5AA825EB17
FCPH2HL-22D3D4812E613B2EA4DA821F
FCPH2HL-59D2C06EA4F4ADBDB4AEE3AD
FCPH2HL-F3F58943FBE9CFB94CE7FD51
FCPH2HL-F073F10DC184B06536E9E045
FCPH2HL-E50BE2619F7A85A74186F9CE
FCPH2HL-442343410D6EDE6401B73D46
FCPH2HL-84B860CD7BDF83432614E34C
FCPH2HL-CAF06BD132A93BBE78BC02BB
FCPH2HL-DEEBFE3194CA62B2F2F99F6E
FCPH2HL-C25327D07539022094E51174
FCPH2HL-0F0166049D55ADDFFBA32915
FCPH2HL-8A4699E63F4BC2180B681CF6
FCPH2HL-180E3B8C18F9CD0B5F614D30
FCPH2HL-BA79D3C133182B769D9E3B4F
FCPH2HL-8B8B5A89774980B7F2A5B311
FCPH2HL-54B6B127D4E10D11C8B0B4F1
FCPH2HL-35BEA46401D5C7F4F7477785
FCPH2HL-61AE80936D99C1DFBD87B924
FCPH2HL-D10DAA7A6EEF82A72CF2DC04
FCPH2HL-D9A0F9B9D7732A6417E52893
FCPH2HL-6AF43357BE3DA7EEDB0F7935
FCPH2HL-68B0BF34C5CA9BF6485283ED
FCPH2HL-6D327823EF1A59F3D715B538
FCPH2HL-7FED3C9A7087F44D11B13451
FCPH2HL-8A903C3554D64955834E8712
FCPH2HL-5548BD16A3B1E3032AE07E10
FCPH2HL-2D3BA937D2846381FDBACC6B
FCPH2HL-2E70576B72F57991E7D1E89F
FCPH2HL-5A05AC0D7F464903B5C6E341
FCPH2HL-EE46EB9B51724116B5D320CF
FCPH2HL-F986473A1E7ED1C5AB80C459
FCPH2HL-4B04FE5A78BDB94E1E6FBBCE
FCPH2HL-6BDA6B0DD92B80B3B00C9575
FCPH2HL-939371338F411F0ACF5FF2BA
FCPH2HL-67623A0EA3BC17994C52F930
FCPH2HL-EB9A6306BDF630F52CAFE275
FCPH2HL-4D1F0D4FF78BA924A6EEB8D7
FCPH2HL-3C34B5AD930B2CE884FEEC7A
FCPH2HL-8B40E89FD71F6D272C897885
FCPH2HL-CBA90B24AC4585CC3CC948FF
FCPH2HL-2EA8FB29F48B905D0CB5DFE3
FCPH2HL-51D5F877D6B2ED430E2E1713
FCPH2HL-129F1E541C4445E85C3C6610
FCPH2HL-6C2F5DCB1DBF8BCB1C5CDB69
FCPH2HL-6E3AC1A97B881B65C597A107
FCPH2HL-E7C4E4CA1A93F9D9AD492B73
FCPH2HL-F2B45D6CB1800D2E0895C649
FCPH2HL-050DC6E6628A0BBD0E5C95D3
FCPH2HL-200C34348BA61DC199B49F25
FCPH2HL-556C9B23DE69C58AAB03837D
FCPH2HL-CE39D963E495298F06104519
FCPH2HL-9575BD3788226403D37B95EC
FCPH2HL-BC35633A576360FB73212DF6
FCPH2HL-213291C4B18A29830E8A657D
FCPH2HL-7A68A1570170C41FA1F947C5
FCPH2HL-3472226A64118F1C2BD17C17
FCPH2HL-67FABAD4B65AD11460A1ECDF
FCPH2HL-A3FDBF5738993DE0E8CEA64B
FCPH2HL-406A1298C0D1900EB6EC2E13
FCPH2HL-C8FD109E815DECAAD032161C
FCPH2HL-AD64D60EEDB92A9B0ECB85BB
FCPH2HL-FE7229EFEB5F494C8E2E8740
FCPH2HL-13B9B9FDAE15A3AED9767FA3
FCPH2HL-0D17C19CD19098B9014F264B
FCPH2HL-58E5CFAC96AA4A3CC1C480CB
FCPH2HL-BC87B00C06F0B639E6F51E18
FCPH2HL-D65251DE4E4E6CA491C7EA5E
FCPH2HL-B4570FC72A8CDC5EDB72F1CD
FCPH2HL-8A6EDC9379B20F60E2D1C73D
FCPH2HL-A65CDCC8B7345599F8CADB39
FCPH2HL-282016FC7FC0FBA38E144FFC
FCPH2HL-F0DCBE9FBAA94C838A53C328
FCPH2HL-C6C340CC37A61A6DF702CA4D
FCPH2HL-89E74FF437FBB49DA8F3A4A4
FCPH2HL-212A9A8EA5F25DB71ED8A765
FCPH2HL-3C71D7CD19D296838944777F
FCPH2HL-29841ED7CFB22C44E9FDA9E3
FCPH2HL-B3CEA0C9924367DC013C8951
FCPH2HL-CA9210AB9C01C8AB388453C4
FCPH2HL-3755EF10CBF134F0507DF053
FCPH2HL-2B45CBFD79FF7FFA65248DC1
FCPH2HL-84F24BF7D62ED591EB7679DB
FCPH2HL-DCBE148149EA08288C51B0AA
FCPH2HL-1F4B56B263B0E02CD4C23785
FCPH2HL-95689E85A9D269C449745BCF
FCPH2HL-816700544ADDF5EC406CAA30
FCPH2HL-EDE40A0E34D6CBE0D916276A
FCPH2HL-5EAF0F545A12B250C23CD132
FCPH2HL-838534FFCF213A31ED24FECB
FCPH2HL-BBF3789935EDD983923A045D
FCPH2HL-6FD1B510EB802F88C4737BA0
FCPH2HL-8FFB69719566E7C487821E44
FCPH2HL-28E9724E9EF460BECA9E5CF6
FCPH2HL-A650F7E6B0D61F9305D85F35
FCPH2HL-CD05C29C448FD3FD6765ACF7
FCPH2HL-91C4CC4BB47C790B694B1C51
FCPH2HL-98F42067EEA156C829BEE5A6
FCPH2HL-F6D413194AD9C751016D6C2B
FCPH2HL-70662D69708AE29BE3754282
FCPH2HL-266FF6E1E01D4A7085DC8293
FCPH2HL-EF7833E586C27D62DB407E3B
FCPH2HL-18D23002020D6438D3FA2915
FCPH2HL-9C48102D7C220B050F23F1ED
FCPH2HL-35C5E9A13273F69130AEA516
FCPH2HL-D23E807F94E3CD5E484CA553
FCPH2HL-A3917825D8D3B0DE08457B72
FCPH2HL-CF59CE93DC7EA077DF7C78C4
FCPH2HL-33E4BEFC0E4A32476421AC14
FCPH2HL-3A969D56CF5B87059D36F723
FCPH2HL-2F9ED68C55405A606ED36AD1
FCPH2HL-66E9C33F3B6572DDC44221A1
FCPH2HL-27E3A00E41DBDFF866A2E0BF
FCPH2HL-A29BD5718D15269C79CA8080
FCPH2HL-ED15617C237253E232700439
FCPH2HL-7F5F0B48E4DB976EB8DE4EEF
FCPH2HL-9B3EF3D315AA427EA9F6E471
FCPH2HL-0CFE9D874B7E6AF4BB7D84E8
FCPH2HL-678FDE6B2A663A938803C3F2
FCPH2HL-7371C92D7DDCCD747E64D695
FCPH2HL-D0F6710C4E388DAA2B109F3A
FCPH2HL-17348CD598F460CD7E612914
FCPH2HL-C438BCBEE267434FBB087C37
FCPH2HL-DE141E43BAC377A54EA8961E
FCPH2HL-FCBBF4AB4802E8BEE24A3CC6
FCPH2HL-7CF1DD639E50646870D4AF33
FCPH2HL-07A44C95BCE54A1530300C1A
FCPH2HL-53DFBD3E6C1AB2922D991045
FCPH2HL-E4E5674B298A3288432FB508
FCPH2HL-F92CD4ABCAF635DD989750F1
FCPH2HL-938123ACA74085C8D3F11D58
FCPH2HL-889349F4FD1639791C37E5F8
FCPH2HL-0B3EC7066D9C318555499C82
FCPH2HL-9B0E710DC10CE84E399D4003
FCPH2HL-832A7E0477125863D7F00620
FCPH2HL-2B00953F57F34269B6DFA46F
FCPH2HL-CFBF2A2E83E265B3644BB8EC
FCPH2HL-C0C788B12F95D3AB3B488D36
FCPH2HL-C9CFAE2DAE64758EC60F9F9A
FCPH2HL-D8F13607BD4CBC3E7E91BB94
FCPH2HL-6919330B36A102D98DE84961
FCPH2HL-3CB24398792D20CE8B13D6ED
FCPH2HL-CCC5C2AE4C1B2F737B059ABC
FCPH2HL-E6DD44402BB07BDFE57A49A0
FCPH2HL-715CB0F7D39159E64FBE5C3F
FCPH2HL-28A102816D6D3FB6240A06F1
FCPH2HL-627F0A6ED75915947C677AAC
FCPH2HL-942D7A6ADA5883D494487A7A
FCPH2HL-D02AB598C8252554172AF3EC
FCPH2HL-F5569726C7E570103D55FE59
FCPH2HL-44BAC795D6BA9B93C31C3113
FCPH2HL-B998E2EE81452A00F998E35E
FCPH2HL-B78190EBC74D52F9AF40D1BF
FCPH2HL-CB95AB8FF2CBFC2A49853EC3
FCPH2HL-6A6BE45217A6A02CF3F88EE8
FCPH2HL-D3F10C0AF5F560B11B31073D
FCPH2HL-2837E222676B02A23AED4724
FCPH2HL-09D0291F56C72ABE6B2B28A7
FCPH2HL-5C643EE55F8455EBF19C2CCD
FCPH2HL-2CEC5243E046A3EF33606FB1
FCPH2HL-14BFC3DC3896A3446CC9CDC6
FCPH2HL-C04BF3362AFCC4943E555F97
FCPH2HL-5A3FEE30B19457488CB8C376
FCPH2HL-4AF9431DCCE8A70D9DF3FE78
FCPH2HL-15060E4AF3DA7E8C576662A7
FCPH2HL-3D1543C517006379027351BB
FCPH2HL-16A3869104B335ADBAEDFFAF
FCPH2HL-7145FC52B57D1E2F8792A765
FCPH2HL-B02F8400C6EE25A73ADB4DB7
FCPH2HL-5F957CCFD9ADFC4110665E48
FCPH2HL-C13B29A18C926257C3F3DD50
FCPH2HL-400C35F07F5CA2694335723A
FCPH2HL-8A3ED1849662B6BDB22AB8A4
FCPH2HL-1161957AB3BBA3A70EF4393D
FCPH2HL-93911B9D5942B5EF28E47C1A
FCPH2HL-E76A6A561217139D8C06CC73
FCPH2HL-2D8D76A8D549705F7E01B0D8
FCPH2HL-2DAC089B93CDE7FA51D98D49
FCPH2HL-1D961ECE1A3ECD2B73B2B24D
FCPH2HL-437046F47A90C5E2F114FE27
FCPH2HL-6EE2BAD048B2500F2CDF5F44
FCPH2HL-DBB9C2E576CA58EAD9F24D06
FCPH2HL-6F68F84ACD23CE198A00C2C0
FCPH2HL-3A1BD36678171B160F2734AE
FCPH2HL-43A73C329815B80379881385
FCPH2HL-C5DE529E49A64B679ADB6269
FCPH2HL-2823661A4A27CE50BA9CF670
FCPH2HL-E373A41DE129345959A3CF77
FCPH2HL-4845C53783568C4B236BE08B
FCPH2HL-CC7F2F1420F073B3FE9FC4D9
FCPH2HL-E4C71F0800D215AF2BF86B92
FCPH2HL-4CE0AEE6E09EE467792179BF
FCPH2HL-D8D9909226C93A77DB1B3BB1
FCPH2HL-E2AFB958A09A6160C20DBD2D
FCPH2HL-05E902E5E0A5911E598E8F2F
FCPH2HL-E33188B3627B5C4DFC104CDD
FCPH2HL-95242D672F72FE6892523B57
FCPH2HL-7BDBB76A45B02211599298A6
FCPH2HL-2716F2EC9D772126B7F7128B
FCPH2HL-9F0DC20A061476A5D6DAFF35
FCPH2HL-E8DEAE0C7F2FF9376F2C691E
FCPH2HL-B056E863D45D0100755FA647
FCPH2HL-A1217830B413C73CD724FB7C
FCPH2HL-4A8C4AD326203D63B7164BDC
FCPH2HL-32E4D34C05041F02453E5547
FCPH2HL-F3E1828067113745F01FE6B8
FCPH2HL-833A8BAE61FCEC746B25FB5D
FCPH2HL-9ABA6035649C9A83BC431CD6
FCPH2HL-E414348DA0DAC09392C3ADFF
FCPH2HL-616928F47041B2DDE4E8BE63
FCPH2HL-E733427AA8E7A74042391A66
FCPH2HL-55D1B625C54AF3E0803C0FFE
FCPH2HL-94B2BF6DEC56117C8FF55E79
FCPH2HL-444983E466A9CA913E6FB796
FCPH2HL-FBE091090AE7E291C804BB0C
FCPH2HL-ECF1E8E33F0BE98D17761331
FCPH2HL-4FFD778DFE4B7CCEFBAE35B0
FCPH2HL-E1C79D8FAA6BAF3111A1BD9F
FCPH2HL-2A29402C0F1279F7BC753934
FCPH2HL-15CB1EAC0EAA87733D20B1F4
FCPH2HL-B410F7083059E9DE07AEBE9C
FCPH2HL-FBA258C3160DCA1BA4F764C3
FCPH2HL-CEC4E0ED56499B0A5380E9BD
FCPH2HL-CD4365FAEC48D040B215CAD1
FCPH2HL-9C589F7AEC1A557F62314843
FCPH2HL-A0257A080F20ED6F29A8C003
FCPH2HL-4978F6B2B207F08128080627
FCPH2HL-EFD6978C2604CADA14AA12AB
FCPH2HL-BE1916F0863F698230BEDBCF
FCPH2HL-69DC9D38F616EEE7C2A43907
FCPH2HL-62F9F8AC523D32D1933561C0
FCPH2HL-FA5911B29A8436838613E7A2
FCPH2HL-65070B72DAEDCDB31D8D199F
FCPH2HL-448F34FCABD33D20BB4F6B25
FCPH2HL-CC7F32CEA03BD2563EC5C423
FCPH2HL-7AE24184B37E0436D4775DAB
FCPH2HL-D298195172EFBFDE14519253
FCPH2HL-FE3ACB3D1D73455F6B79B81E
FCPH2HL-8CA517C24A51DB5185910B58
FCPH2HL-BDDBC7B59B6E7BD2C8961D6D
FCPH2HL-97C732E8719AD340E7AEF5C4
FCPH2HL-F0BC9C69476D8F647DD70593
FCPH2HL-F43FD2E474B3789D9FA4407A
FCPH2HL-DD8865026AEDCF87AADD909C
FCPH2HL-EBD7289A8F82E70AF9812F88
FCPH2HL-911523D5FA3D21A5538EAADB
FCPH2HL-E5730F8F5CFD0E425195EA74
FCPH2HL-C0838B0521D10C9447E87BE2
FCPH2HL-F83FFAEC63970B9E0F29D52D
FCPH2HL-43C827C56E6DF03C0F5525F9
FCPH2HL-B3397B6AF2C892E9A547C86F
FCPH2HL-BCF642D111FFF1241A41B695
FCPH2HL-C7C1FF41D5F3A392F321C0D8
FCPH2HL-EFF1605E660715E7C9C7E516
FCPH2HL-74D903D8F2693343B8B1838E
FCPH2HL-48D54E97D9BD56F18FFC7E2E
FCPH2HL-AF174BA714CA6A47E617D57C
FCPH2HL-D48309156C363599BC35AE07
FCPH2HL-7AEA68D6CF3CA8DA07A8B9D0
FCPH2HL-DE67C813357998E119E1281C
FCPH2HL-614BE8249BEBCD290C3DABB2
FCPH2HL-F52EFEA8BE676B82A727B6FA
FCPH2HL-C538B2659551CC8F12C7D792
FCPH2HL-8DDB03689311B39CAD01E43C
FCPH2HL-8DC288D08871CB70BE52D141
FCPH2HL-28127AE68509C09D28E58A86
FCPH2HL-7337A45DC8672B79244C34FA
FCPH2HL-90E1CC59EE237BA7421F8417
FCPH2HL-6716963CE93D9A867C0E5D5F
FCPH2HL-8E5AFA62269BDF978DAA1187
FCPH2HL-ED8AB210EBFA83C9229EC9BD
FCPH2HL-96E374AF30DD0BC0C9B6FA68
FCPH2HL-44E5164D15BBAB191409B467
FCPH2HL-F6C12621CD4607C68F8B22B3
FCPH2HL-1BF6767D7D2A50328D8BCB36
FCPH2HL-6032F9A09FE6D439E488CB3B
FCPH2HL-FABC84ADEB62734676479A65
FCPH2HL-FA923AD3542B9C8162FAFB50
FCPH2HL-D39BC82E1ACCB176B60C0274
FCPH2HL-6DDD700059D73B41A5F3EFF3
FCPH2HL-AA9EFB1EF4BF7F379A9D1F40
FCPH2HL-D454D8DEFB4C9414435054EC
FCPH2HL-77983A69BEC1F61442AC0869
FCPH2HL-138B73CD3194FC4F9547A0D9
FCPH2HL-AD07FD89A6DDA330FBE6BC50
FCPH2HL-14A5B596869ED8F77548995E
FCPH2HL-57E87E77C5D104901C795670
FCPH2HL-D56D40A37F7E9749B4B1587A
FCPH2HL-1B4E443C1A0FA2D4882E5FA1
FCPH2HL-62355FA03CB34B3C8FFAD240
FCPH2HL-A1A6D397352BE37862165C7A
FCPH2HL-92A7CCFE7B4882CB8056CD5D
FCPH2HL-AF802D8B16BC7F9CF51E38E2
FCPH2HL-04125D59DECF3A4C854571A6
FCPH2HL-239475813A412010F5B810B5
FCPH2HL-9A49E40A82F0247F51B9D5BA
FCPH2HL-6D13CE2A2983C64E281353FD
FCPH2HL-4BE58DCCDD6978400BC237BD
FCPH2HL-C012591BC9331477C36F4CFE
FCPH2HL-EB8AAAD326F25F459CCD4FD6
FCPH2HL-4FCD0BF3A5D0C0C9AE46FB56
FCPH2HL-CEF4BE51913A3D9253602388
FCPH2HL-D5E915D1B8CFB8636E46D6AB
FCPH2HL-D26CDD9578D2AB98CE283695
FCPH2HL-662D780033B578CEE16AD259
FCPH2HL-BD9DBA36D1330D2D521D2277
FCPH2HL-92599754B9343224AC598003
FCPH2HL-650501DBA0755DAFD2644ADE
FCPH2HL-C6679B82768F4C4454888036
FCPH2HL-CF07858C743786BDDAEA6953
FCPH2HL-DDBEBD849AE20DEA099C5DAA
FCPH2HL-CE56313FACB32885D4C50E0C
FCPH2HL-CCEE61B0DDA98298A35C1F47
FCPH2HL-0D2C545667E5C9F69232ADB4
FCPH2HL-715A2E6F87C690C93D44CA55
FCPH2HL-25C29809F2C2147F8E2BB807
FCPH2HL-A259FFBAC9B7A6CBDFFA9494
FCPH2HL-A5019C60350A9EAE41C96DC2
FCPH2HL-A2B4A9B22864ACB8BDD3AC8E
FCPH2HL-4ED97A52747589154D2FE359
FCPH2HL-E66C347E2F25A083F91BD486
FCPH2HL-A749BC1463813953524AD47E
FCPH2HL-66E023616FBCDD7F85197CFF
FCPH2HL-47C909C51F933E7FD3D3C296
FCPH2HL-E677CEA1B4F7C456C00ED880
FCPH2HL-CD9C3FB57ED1C350A721EDBB
FCPH2HL-B7598DDC8FC59878DB3E75CC
FCPH2HL-061A1DF1D56DA21E71A8394A
FCPH2HL-0F670F9C0F7BD46E16C5AEB5
FCPH2HL-4729B400FA970564232AB5EB
FCPH2HL-F171E70A35F257477214EE42
FCPH2HL-CC5FC6F333484359999539BB
FCPH2HL-47B558F960CE508952420E61
FCPH2HL-0ACE0BDFF85DB44E7DD75D83
FCPH2HL-98B3C1BED13ED0473B7ECF9F
FCPH2HL-EED1A4891AD8743CE406D9BD
FCPH2HL-F5301AF66ACA4CFEB4650C88
FCPH2HL-360EE58997550E27A825BDC7
FCPH2HL-DA2907596EFCBEA90CA57348
FCPH2HL-AC4EF9F0ACAF4E7FE3CF1ACC
FCPH2HL-587440AF2B44648B79284478
FCPH2HL-FC606F88264CE08D7AC32090
FCPH2HL-316B90EF1EDB7B0EBDD84D5E
FCPH2HL-67B16B6BCEA34D0B545C1B0D
FCPH2HL-F6D9BB05109806FFD8775224
FCPH2HL-A42A9D1C60F0F05CBD9E9BC4
FCPH2HL-DDC976D0D251CCCEAF9AC9DF
FCPH2HL-8FCFBBDF8B581B77DF348608
FCPH2HL-EE58A2420EB831A952D3D645
FCPH2HL-84981B93422B61A783A018C5
FCPH2HL-AC903C9BA6DB40DF1D4DD8C1
FCPH2HL-5592EE4FC00B75B93DC21AB3
FCPH2HL-37F143A70013E6997E9DDFCD
FCPH2HL-D58DD66A65D0E3284B14965F
FCPH2HL-E491E5DA43E02684DE42F2C3
FCPH2HL-407CA9F8A24318DCFEF69759
FCPH2HL-A8065B36604200EB4FE42338
FCPH2HL-DC3C065CD75351FB905553D8
FCPH2HL-C54B1C77BC657D6D9E9D63D3
FCPH2HL-6EA940B20F61F30EEC33C824
FCPH2HL-D1D1A8C1DDB479E809479A5C
FCPH2HL-F677570F9C8830BCEAC39574
FCPH2HL-11F7476C1E9BF539A289F51B
FCPH2HL-63B1FA76F14944D3730A784F
FCPH2HL-4413A4C68F73655E606D2A09
FCPH2HL-DDAD10E7D85ABA57767A05D5
FCPH2HL-DBCEBF9D2FC2FBDB0F294837
FCPH2HL-6EBB985B1BD41235EEEA6A42
FCPH2HL-F1CE7547230B411E4851D6FC
FCPH2HL-EC12B0BB239D44110E9130B5
FCPH2HL-7A4C04B404F7F6A8BE7622DD
FCPH2HL-F7E945593F848C60FBD073F3
FCPH2HL-5F719A36D6C7DFCD63B17B2B
FCPH2HL-0EAB67356A1C0001A0477253
FCPH2HL-708E19BBA5D766FF27C4BB67
FCPH2HL-43AB91422203F2A59E1948C1
FCPH2HL-A03E0B165453C10CE30BE312
FCPH2HL-574A8EC8A3D255486BE0A402
FCPH2HL-1BA926962EB755C8DE808C65
FCPH2HL-75F979322DF5F283762F80FE
FCPH2HL-4AEEFEE2590179102073C0E7
FCPH2HL-04974BD9778B08E80850F723
FCPH2HL-7B4079DF8EFD8D828F9D6C7D
FCPH2HL-897E407DAC19A9E8DDF3B294
FCPH2HL-0AD2DB2C6E17185253CE594C
FCPH2HL-C1FF5672F8ACF9741F4D02EB
FCPH2HL-6576EB6227E4E42E51F1A9BC
FCPH2HL-A1FB62F315BBE56067A2C5D7
FCPH2HL-47DAFA82954CA04E143163D3
FCPH2HL-F0FCA08539B4C96E31222C6F
FCPH2HL-366986E925E28D66307F7D1C
FCPH2HL-A442BA4E053FACA0EC1EAFE4
FCPH2HL-3E0DC419B9046D89CE5A8787
FCPH2HL-CC300D4C104DE1374F679EFE
FCPH2HL-E6558BA67806519F6C2FE143
FCPH2HL-5504C67D91F187D217E2F2E5
FCPH2HL-12B0F0922590BB28EFDFC555
FCPH2HL-70A18B191FFD2E36657F7118
FCPH2HL-6FF1F7B878CCA7C92C0365CC
FCPH2HL-CA96A01804C9C3A3D035BD70
FCPH2HL-C57F67461C5F4DA8826608B2
FCPH2HL-895E908F684FC21F80975863
FCPH2HL-0D9A8C06722751A0E0ADA74B
FCPH2HL-EFA5BF769D22B0A210159599
FCPH2HL-224E5CA8226335297FD140F5
FCPH2HL-A3A3D82D59311DADCF43903F
FCPH2HL-FD0D13BFBCE838211591C7A6
FCPH2HL-8C93BCDBC18F9710F86B6E41
FCPH2HL-48BD019E2782DDE8FEDACCC8
FCPH2HL-41D5F1F1D3A5D0C2E9D8B8C3
FCPH2HL-D30D012237AEBF85AADEE958
FCPH2HL-1043CCB410FC054E47580441
FCPH2HL-B3862E187CABA9148169D6A4
FCPH2HL-68583F6DDBFC2620C11A5F72
FCPH2HL-9046D85A26466236B7E9A374
FCPH2HL-E641899420ED99AA51BA0548
FCPH2HL-42DC1068EAB6373ED010BC7C
FCPH2HL-B16A960751BB38C40F78F52C
FCPH2HL-85A1F3D7D786D02B98830552
FCPH2HL-FD6DCDD14E8724DC5EDF65AD
FCPH2HL-E50C3068E0313B5222741865
FCPH2HL-8FE8D7433A8AFA1914311D10
FCPH2HL-E34BE2302901903E090D1D8C
FCPH2HL-510EAF612C3B1D4A3D1DF240
FCPH2HL-F88140F545C2F74FD1A8B113
FCPH2HL-B9E8C381B6E8F434F9CF8600
FCPH2HL-88997E4D143AAA3926CDC21A
FCPH2HL-95866B431E9FAE98E801220E
FCPH2HL-6160F59F57B86B4623CBAD6B
FCPH2HL-6F20D7791AE135FDCE0899D0
FCPH2HL-A3800B213BC5EDA257EB9334
FCPH2HL-F9F3B85D4B1AC31AF67A3823
FCPH2HL-F15CD354D6F12ED2D189A090
FCPH2HL-DDD7533681C8CF4DC18AA736
FCPH2HL-368B233402A3743D39CA14B5
FCPH2HL-1290D830E01196319C066475
FCPH2HL-7ED22DB255820D75D99579C8
FCPH2HL-04AEFC841D3A0F278CA2750D
FCPH2HL-65A123D0C97C5B2CF057C633
FCPH2HL-FB61AF272B8F3D96F79800AC
FCPH2HL-4C23D728B154D17463234A92
FCPH2HL-F517A8A343A702004C55965C
FCPH2HL-71827FDEB5A92637F4B495C5
FCPH2HL-A8F23A894AA93804D96B9B7A
FCPH2HL-D57E935F123E63A622E5255C
FCPH2HL-7BB886C8F107B2C8D3F223FF
FCPH2HL-092F39745707C282CFCA0232
FCPH2HL-3E61643B0014308366A5BC38
FCPH2HL-8DAAF2877D9779259B38B141
FCPH2HL-069327017640771E8AF6FDD8
FCPH2HL-CD08CBFD8DBCE49964B5F6CC
FCPH2HL-C76E68FCA48315DAF5A385EA
FCPH2HL-CA5D8DC0BF35A40762B3870B
FCPH2HL-1E1B4D889F9B719063C3BE45
FCPH2HL-FEDB21777863A76A3F482BFF
FCPH2HL-E8B29D777603B7E1BDF5A6F3
FCPH2HL-486A32FBC6F1CBE84F9A626B
FCPH2HL-C7E7DF83B8B0B95B83176189
FCPH2HL-A3062AD24BC0E7D29816B378
FCPH2HL-A18A288CE9521729FE2F6449
FCPH2HL-5069449315E12B36D9014798
FCPH2HL-1B1D17E17113E6AC8C27C915
FCPH2HL-A7883272D24456319BDB0034
FCPH2HL-A1618FDBBD2D3111BD8C9E18
FCPH2HL-B8F3B214EECF3040BEAAE6DF
FCPH2HL-FAC8F8D2A8514A3FF7D49CEB
FCPH2HL-F5AA931BD18511D3CBDFECF0
FCPH2HL-D100B08C2D70EDFD0830EB70
FCPH2HL-D5ED53197E7C219A04A92BC1
FCPH2HL-594C3C3E30A70E4228B3B898
FCPH2HL-69DE2BF19D680BF59A0D0BF9
FCPH2HL-1A23207A162DCB30F5076184
FCPH2HL-600E02529D68952100108514
FCPH2HL-05E310CFEE2712905246617F
FCPH2HL-2E2613DD514676E2A50C7530
FCPH2HL-3F6B5B326AB2A104D76305E8
FCPH2HL-6891AD57A1A630E9AA7F56E7
FCPH2HL-C4CF7853C7EBFDA19086DE90
FCPH2HL-D8FB2A16FAC8A9AD3AAAAF11
FCPH2HL-160EF30DA7DC0231B0D00FB7
FCPH2HL-EA0ECD20C2D000B159031CF5
FCPH2HL-5EDAEA6079C610C9D2A9F73C
FCPH2HL-FF438FF1A50442C5BE44B1E2
FCPH2HL-68B70B0CDA0005DC10CC2816
FCPH2HL-26C47E8CECDE6503D6D83262
FCPH2HL-67D0F7C52F1D5B5E8F4997CE
FCPH2HL-B2FDCCBFDCDFE7B917615D6D
FCPH2HL-F760CA07E54D201A89D36601
FCPH2HL-423A8C38FC87ADAEFB09BC50
FCPH2HL-E9BA0952A67E3ACC24F2918F
FCPH2HL-2A78B1AB31429724CEBD476F
FCPH2HL-AA0E6993799BE3EFF28217F1
FCPH2HL-2AAE95B40D8208229F9BAB43
FCPH2HL-882167269E044DA7A8F1FF09
FCPH2HL-60EEA00D46473BEB6B797641
FCPH2HL-6010161E08B16143A16DD972
FCPH2HL-091BDF342BAD40E93B4A7963
FCPH2HL-5AA354644D7759D956F2A558
FCPH2HL-AF9F58B6DBA454733D7131F4
FCPH2HL-714C821BF0FC2F2990AED106
FCPH2HL-9F71342BC8DBE3773DF75ED6
FCPH2HL-64854C8536E2B03C42A2A8AD
FCPH2HL-21B14B686280B20035273584
FCPH2HL-BD7E9FDFF503F553E9C5D016
FCPH2HL-1AE3A80C3D21560B5751C28D
FCPH2HL-CA4C601E4CEC766AC24BA4E0
FCPH2HL-A6F134CB0E9D01523029CFA2
FCPH2HL-CDE772492C58BE21C09577BB
FCPH2HL-E5F14212B8C1F25758B57D6F
FCPH2HL-F45AE114409F078BCFC2A158
FCPH2HL-84AF2BF334D86881305FCDB3
FCPH2HL-75AE99E30CB494F168F4CE76
FCPH2HL-BBCEC4028C5055DC8A1CF4C5
FCPH2HL-64E6895ADF2D11EF89D7EA11
FCPH2HL-9EB9E6513D34DDC1B7F5525E
FCPH2HL-03266279D778EE3AD87E3B5F
FCPH2HL-17319630C54A48D17B3EA646
FCPH2HL-5108A9A2F0371FF3E30D04D4
FCPH2HL-E3FD99749776E80B58311C3A
FCPH2HL-7DFFBDAE54796CD4D25A537B
FCPH2HL-0D597F057A468BA82CDA1AA3
FCPH2HL-D740FD6B5EB17506E982259D
FCPH2HL-5719114DC00E9DD6863C0ED4
FCPH2HL-8423CB5803FD94DF0FEDF4C9
FCPH2HL-EB92F3DCCFCFBAF0126B15AD
FCPH2HL-15F538476AF09F292875D92B
FCPH2HL-A5AD89E1475D2C4B4AF82A75
FCPH2HL-8C4582CBC30924146D75FC8B
FCPH2HL-931C3B62E8D788E107B4F599
FCPH2HL-1FB515B933EE4884263029F4
FCPH2HL-BF44D024E331890AD25857A2
FCPH2HL-89BFF3498718026177040184
FCPH2HL-F4158B0E23B756B1615C847B
FCPH2HL-2A903484B14C970D3D5B87CC
FCPH2HL-1AB2D557E01C4ED56C8F4893
FCPH2HL-8B83EE3488F20A7D670A7D53
FCPH2HL-C88A6AF94225858B7D559644
FCPH2HL-C3D119799576C61EBA0AEA7C
FCPH2HL-FF7CEA82A355192EEB6A55E9
FCPH2HL-171717E205B6994840F979CD
FCPH2HL-5583D2D01A88733F49011E98
FCPH2HL-500702181CFCF5F7CB78633F
FCPH2HL-81C83E0E35B848362F0CCFA7
FCPH2HL-B85DF3B4F37130EA1E48E2DA
FCPH2HL-37DEDD1BAFC1A56442751F48
FCPH2HL-BE8B7B0510C630FF7FEDD922
FCPH2HL-543861A47BC86707B1697DF1
FCPH2HL-08ABC19F9783AC4898FB3C5F
FCPH2HL-71C2501E80EAEA6F8464FBAF
FCPH2HL-FADF1BF1B6551C46837EE95C
FCPH2HL-A0F685717C90D3828D4654C7
FCPH2HL-8C89B7333B2A18B0ECAE93D7
FCPH2HL-98050E7C8B5035E2B2A15C81
FCPH2HL-F1E705C421A6B89CF861711D
FCPH2HL-FA40313233C12A56613E333E
FCPH2HL-FA2AA0EEC793B8F62A25F39B
FCPH2HL-7492B96C26C38FF528869B32
FCPH2HL-B60D9E96A23C01275F7FF65F
FCPH2HL-E22403F87D0F7702DD44FC47
FCPH2HL-308C2F2294C1F54197BFE356
FCPH2HL-F0D470EC2DBDBA9B2AC5EFC6
FCPH2HL-339A12149F9D766484548834
FCPH2HL-046FCDF43FF0860F77DDF4D4
FCPH2HL-BD84814665787F596060B451
FCPH2HL-651A2C71C51C39D276252640
FCPH2HL-3304075FFEA89BC612B65800
FCPH2HL-78D67082C556C1E4DB607F94
FCPH2HL-A42CAB77C9CF2D57772FC7A6
FCPH2HL-4E9E542BDB7CC36FCB49B1C5
FCPH2HL-D80CE16CA9AE51C2E48C14CC
FCPH2HL-6DC1CA5791B36562C64759BB
FCPH2HL-8705EE0F46C9ABD5F451EFC9
FCPH2HL-4F5078136A3A15E2021FDA02
FCPH2HL-61F06D6E11FBF10780684820
FCPH2HL-D4E0A0C0B347E601A4672FB9
FCPH2HL-2473CF8E1C48DEC4DB437CFC
FCPH2HL-24F5AE526CF71F00D93DE93B
FCPH2HL-3AC560BF8474FBA527670B07
FCPH2HL-801E5FA20A5B75E1447449F0
FCPH2HL-A1D76C540FDB80D4C49BACC1
FCPH2HL-21C28AE91737A80EF95D93B6
FCPH2HL-93271D1ADB89C6DA624634DC
FCPH2HL-C54E6435028C739CD1B6E1B1
FCPH2HL-BFE9C7B57A50A0ABC133FD2C
FCPH2HL-F0B413C5CA5C282E52D7B269
FCPH2HL-250B5142D4EF10250081912A
FCPH2HL-EE8F99459A259971DC12C0A5
FCPH2HL-17029C396CF2AC7264A41C94
FCPH2HL-502A710C3D9DEDD9A8CA1FEE
FCPH2HL-FC74CCC5ED04E19AF744E4D4
FCPH2HL-7EE6070AF761938556CEDCD1
FCPH2HL-EDBF73F1D678AECA68C545E8
FCPH2HL-176419EDDB04A69CB3346668
FCPH2HL-95E4E4290FB1BDD3100F9608
FCPH2HL-2547D1151940A21FD861ECB8
FCPH2HL-A51028BAB3EA8BBE73E48625
FCPH2HL-F066765DAB9F971EA77E7BF8
FCPH2HL-1DF267D8C7F615B583FDCD6E
FCPH2HL-3B1CB547EA915B5562D41AFB
FCPH2HL-990DF0E9DA53B6C1FC39D6B1
FCPH2HL-E1E8C642DFD9C3264333F989
FCPH2HL-F1184032BD64EAD64E99A502
FCPH2HL-69B87C0477A680F76E8A1736
FCPH2HL-D76793F3BF2B6C84301787A5
FCPH2HL-BF7E883C0EC6FF2EADEE8B00
FCPH2HL-52273E363B12849B24263F84
FCPH2HL-3990643ED7607AB4D3755304
FCPH2HL-222C9F91B34C27FE1FCCC025
FCPH2HL-CF78AF58E8CF538A2F679769
FCPH2HL-8172861F7D690598672E1540
FCPH2HL-ACF44FBBBCD46DD72F1E0BE4
FCPH2HL-01952A47464806C3FB335854
FCPH2HL-65208548602856E018A70986
FCPH2HL-BD8CA68F09868AF9C5653AD4
FCPH2HL-48A91FA312DB174CAC47A853
FCPH2HL-FA77223BB87792FAA28F3C08
FCPH2HL-81F83E15FE86CF76A1509E88
FCPH2HL-91876BBE0E51C7BA627B8F9B
FCPH2HL-EF63B8249C245AC213DDC569
FCPH2HL-E79E6A7D39667841BCBF63B9
FCPH2HL-CEBA80F8FAAE0EA2BA3C6D33
FCPH2HL-3F706710E64F8B5023626299
FCPH2HL-7DE48AF53CF21D50C4B6FB20
FCPH2HL-734BFACFFE238DA010667D1C
FCPH2HL-D2F0ADA865796F93607DBD03
FCPH2HL-29B135E655C93EC160B9C911
FCPH2HL-017E03A37AF0317B5393747C
FCPH2HL-47BE486987313673B56A1349
FCPH2HL-7D01998396DCF8DD1924D48F
FCPH2HL-226409A13A5C99DA2C3778D5
FCPH2HL-4270BD17458B2379834C9A89
FCPH2HL-A41754D3BC7C01F073CB2FFE
FCPH2HL-CA06083E0F7C803CB18713EB
FCPH2HL-2A6FD54258E3F249CDC7C5C7
FCPH2HL-F1D4107C59019C66B99629CF
FCPH2HL-53609E559B298478C7030DA9
FCPH2HL-F594BB75431198BA49CE80DF
FCPH2HL-B9B89842D82A3CAF9C4E4A12
FCPH2HL-DD78029365CD7005D7FB0BB5
FCPH2HL-B33999829537495D9766A631
FCPH2HL-FBEE455C2B01CCD9CF18E4F4
FCPH2HL-2CBB297F5800235D5E63D31A
FCPH2HL-819A8014ED429C64E9EB145A
FCPH2HL-044F3DA3A407ADB5B85D1983
FCPH2HL-01DF8E8FC38D2472ED229AF7
FCPH2HL-DBC25F63AFA21D25EAEDA671
FCPH2HL-5794E5E5E84E2275376C6EBA
FCPH2HL-E247C7201D990488A0F7E14D
FCPH2HL-BBACBBEAA050731D6B2BC816
FCPH2HL-870875D2472A3BBEC0BF665E
FCPH2HL-0DB701348C6BE245AE164308
FCPH2HL-33E40DC1CE2D3C6EABFCF31F
FCPH2HL-C83BBED7F57DDD76317D6D3B
FCPH2HL-6818C519A9BC0F6F281957E8
FCPH2HL-B62E3D4EE0ADE2624612DE6A
FCPH2HL-AB8315C021DFFEAFE0691FA8
FCPH2HL-DA20A923252F936DF9A92C24
FCPH2HL-41FE223FA6DC7BDE8F816956
FCPH2HL-4A7F6C3AAC6A2FD55003722D
FCPH2HL-05257909BFBCBCBF9758C72A
FCPH2HL-567B6DE9A3865FAFBB58DE19
FCPH2HL-D4B903354A98998544AF7453
FCPH2HL-A555548CD1BC7581E3D1AD5B
FCPH2HL-DABED20C693B5D341E043022
FCPH2HL-7D9799CAC0565B252166D735
FCPH2HL-8C2D1CE0C3FC8E10C9C57F3C
FCPH2HL-8D65DDC3539E8FF99E9C9DFD
FCPH2HL-D3DA202D9930A0927AEC9E4B
FCPH2HL-E64EA561FEFFDA7AFDF708E7
FCPH2HL-64CCDA49C15A2BA129098843
FCPH2HL-BE5C9FEAFBC624E168BFBB70
FCPH2HL-7ED804BA08782EEFB68A3FF6
FCPH2HL-A35E4384E92F2FA8A8121DCF
FCPH2HL-3F4D569A6A0FC34015943C55
FCPH2HL-EC6D202AD4891AAC2A036664
FCPH2HL-5701561C2884E087E7845DF7
FCPH2HL-41607DCC86173C0ECFCB35D2
FCPH2HL-4AD9BECCFC124400F81C0C97
FCPH2HL-9EFAEF5B23E43BC7B7019DB5
FCPH2HL-AF2745E5382A3A80E82DDFBF
FCPH2HL-744F857ADD6622D8824E5BA2
FCPH2HL-817E359622C718EB636C46AB
FCPH2HL-2BCA7203777E06629547234C
FCPH2HL-217237DBEA8BAD6FEAA1C7EB
FCPH2HL-C83FBAAE5F48E57C5935A447
FCPH2HL-1B04A379EDDB6AAEAC9778BD
FCPH2HL-4BC326C9A696713778ED33AE
FCPH2HL-C90E85514AD3A2CC0574A081
FCPH2HL-ACA23B21B4711EFFDE2BF5B6
FCPH2HL-ADDDD3EC733798264D65704B
FCPH2HL-9C1E561D62BD1FE148FB2469
FCPH2HL-43B21922B0CF135B22DB2918
FCPH2HL-27EDE6978D5B7A6F8B6E18BC
FCPH2HL-861DEFED50A3EE09A764A40D
FCPH2HL-26C74280728F72A46B75BFF8
FCPH2HL-1A3269A1C467568342648F3C
FCPH2HL-8D5D11F330C90A5996F0422F
FCPH2HL-CC24737C9D46F2550B3B6832
FCPH2HL-AE90709C78C5D841A563C16D
FCPH2HL-8B8BBFB120C2E65C13248F92
FCPH2HL-F6B4E03E8C7F4B160A55382D
FCPH2HL-4EFA2D12132480AD153C4501
FCPH2HL-E2A25F9F1EAED1E23CF5285B
FCPH2HL-D1112DB751790233E9E9EAB0
FCPH2HL-7F16DA6B3A5B18E56D50D11A
FCPH2HL-0B549E776F2839B291E6BC68
FCPH2HL-657D473E52FACBD4ACFA29DF
FCPH2HL-04F0B6EF82DCA7B269467318
FCPH2HL-AB9C04943980B2EC806D4D80
FCPH2HL-FDFF93670DF5D0FB009BFCB5
FCPH2HL-F20D356DD7F1158D8FF84788
FCPH2HL-9E6E96A2F23F11922C48F817
FCPH2HL-A5FA84F69281529055496F68
FCPH2HL-80116EE55A48E59C122863AD
FCPH2HL-69DEF30AF39B81C13F6882E7
FCPH2HL-F0DEFBB811C6BBBB26ED0B6E
FCPH2HL-C27B99E1D2AA73EA5CA23443
FCPH2HL-6C4F810E16BC7F5DE2406E2D
FCPH2HL-C12A28A0924C048A39879D88
FCPH2HL-808BD170F7B30DF2ED71CBF3
FCPH2HL-FFA72385FE8AE9096840313D
FCPH2HL-E83F5EFD08140253C6C28D2D
FCPH2HL-77F70789BFEBCC2624C37CBE
FCPH2HL-96E60849A842466D7AB947F1
FCPH2HL-BFA73AF575812D5EEF22E1B1
FCPH2HL-D0FF5916906C417712C5D3A5
FCPH2HL-BBB7BA88ED5D1392BF1D9CB7
FCPH2HL-EC91A6C21F3AE9CFAE1E7D25
FCPH2HL-A94C3F903EDE99EEE9AE9BC0
FCPH2HL-65D220A363F75E6AC32B9E38
FCPH2HL-9D2B66948881A9B21C6A84EE
FCPH2HL-967213D75EC77CC5B99F5A9C
FCPH2HL-4E5318FAB8C7EC0997A628A7
FCPH2HL-62645B61DBB6722D8BF98E44
FCPH2HL-6C6D1C1C95E96F9258FBE496
FCPH2HL-CF4DD2078B87FB1DF7959135
FCPH2HL-5EB29C7CCD80D7FE257DE0E9
FCPH2HL-C66A45F8565A0C6874EC72C3
FCPH2HL-48A3BC140776BED819B3AB32
FCPH2HL-4FB410AA4F132B04FCEAF081
FCPH2HL-C3E11B65BDD1DB135EE33204
FCPH2HL-BCC91DA5C8F69E8D4B64F577
FCPH2HL-AEC0E09987A05DF9741F0C66
FCPH2HL-5A6523CD588636B98D37DC68
FCPH2HL-E5613B75E7FEF62CD6CDE74D
FCPH2HL-F7535E0A627F20796F11F31B
FCPH2HL-7FBCB4A652537F117C565D42
FCPH2HL-2C708E3F6A2B050FD622B747
FCPH2HL-F8B682810B531BC5D8C85BE5
FCPH2HL-ED1BC45CEBF4ABCBC71601AB
FCPH2HL-AE3187694CB2CD5EF3C96E77
FCPH2HL-ECE248E3A1DF98D618DFCF3B
FCPH2HL-A41E71B23CFA4B1F3F65946E
FCPH2HL-116C4F0698E78BA3268CA046
FCPH2HL-37472A34783A97054A640942
FCPH2HL-7EA77AB0F9DA8E40103369D1
FCPH2HL-C8502EAB77B67C16D4AE3B6B
FCPH2HL-55411B4FB0319A1BC73AA7D4
FCPH2HL-74178DC5815DA443F79E5F3F
FCPH2HL-E31009C7F86FD4A458B66141
FCPH2HL-DE1371E8979329E7593E9DED
FCPH2HL-4E508FE38E61A36EC32635D3
FCPH2HL-1C479CF853BB5E3C19D1A492
FCPH2HL-264B3F2AF3E10D8A435A9348
FCPH2HL-1806CD2BF09B811473344B5A
FCPH2HL-00AF00FB440A94D07B165CA2
FCPH2HL-3C47F8367D9253704F47E796
FCPH2HL-27F288F0D9C9F23130BD00C1
FCPH2HL-08D5979B51DC86C342D95717
FCPH2HL-DF24DF503A1C68A96511C334
FCPH2HL-E68D2CD62C66C0A790D0250F
FCPH2HL-CA3D07187798D894CE47E0E7
FCPH2HL-8F1CC1033CBD01FCD36479E7
FCPH2HL-DB8A0E3369DE18914CA38F62
FCPH2HL-BF237718EB25EEB04FEE20DC
FCPH2HL-F40C4E57CC0111F5D319F221
FCPH2HL-75D05CDBF61AC7731828DB3F
FCPH2HL-EB087DFBE0B8AB72FEE134A9
FCPH2HL-4E439C265EA0B73729CC3850
FCPH2HL-9AEB2DFB2A05D7C018B62BD3
FCPH2HL-8B531F1ABC27BD6072C72854
FCPH2HL-4AFFD80F95D93F2689FADFBA
FCPH2HL-6B577C17BEF8FAEE8E61EE80
FCPH2HL-540A3926036944AFB3FE398F
FCPH2HL-8AE28FDCFFF3BF43ECE62693
FCPH2HL-544846625F256F18D87A9C6C
FCPH2HL-028BE32891A77A1D0AC45E04
FCPH2HL-323A6D15A0DE1A03F6235C84
FCPH2HL-C6F83C184395AA5EE9028597
FCPH2HL-445BAECF442B69A82BEC252E
FCPH2HL-8188A6B7C90DC941E2032E3B
FCPH2HL-4638C54FCC715F5B24E7A137
FCPH2HL-689EDBBE799CFE15605C28BD
FCPH2HL-2620E1742533AD19B168A8B2
FCPH2HL-C6E3FA9AC51564DE2C1B1B8C
FCPH2HL-BDD834813A73717CDBBEBFD4
FCPH2HL-23BB6801E90D8F26E333B0C3
FCPH2HL-001B1AD3D92115BAE04E3F41
FCPH2HL-13B5081B941349514516EAAF
FCPH2HL-1974F0565EE21A454CE009BE
FCPH2HL-F2C9861E3CFB8A2A808E3306
FCPH2HL-6588638BD091BAC5F168BF91
FCPH2HL-FA81ADF33E37C5F93055176F
FCPH2HL-D35E62C210D6C64C11A7454B
FCPH2HL-FDB2C999EEC586F7F904F5BB
FCPH2HL-FC1355B9506DEE997760CF29
FCPH2HL-91A67E3CCF69441B73C4B688
FCPH2HL-B78B60398D83D65DE044FD14
FCPH2HL-59E230B3DFE593067547E145
FCPH2HL-C644FF62FF49128A0CF919B0
FCPH2HL-51A110E0A8A1C993B8DD93BB
FCPH2HL-B86549FC643FB8D86D665FF7
FCPH2HL-E465422BA87BC7FB3882DDC9
FCPH2HL-2C27864EA54CC96B2AA16F34
FCPH2HL-2028C643DEAB2BFF293EC8B7
FCPH2HL-B203806CEAAD895073635F33
FCPH2HL-AE708DEBC48044A943165A77
FCPH2HL-1BE2233D05135C9638FB0FB4
FCPH2HL-DB9C0BE88C5DD9B8FD65FC95
FCPH2HL-3C5F860AB3536EB26E9CD71F
FCPH2HL-DB5C6D345EBACE4F1554E349
FCPH2HL-F9CAA4B8CF31E4698B998F65
FCPH2HL-5B98804253130790163EA374
FCPH2HL-5BE55C9F13A15D505106B619
FCPH2HL-0E04FB891E9DAC4D4701B4E2
FCPH2HL-B829C228527EBE54BFADF22F
FCPH2HL-DE2610EAB3731BAD27CD97FF
FCPH2HL-CECF620593087380E5E04BC3
FCPH2HL-91FFBA8A05BE8805B469D57B
FCPH2HL-EA8994B58E9D9F19295B0251
FCPH2HL-E4DBD4B529AF7A2A67C3C3ED
FCPH2HL-3DBB56B337A5F4B215451662
FCPH2HL-0452AB8191F8CB8DC7754C96
FCPH2HL-1C1B850EAF2415DC9E76FC6C
FCPH2HL-3EF1436EF21474173AE3D8F7
FCPH2HL-A545B077734892F8D27F01BE
FCPH2HL-5EDB49C84C3686181E803630
FCPH2HL-2569F6452A4A5870E71A4865
FCPH2HL-4E68E640FE9335A6EF95749D
FCPH2HL-A14DA79828483D67839DE3CA
FCPH2HL-8BF6BADF4E9CCAC23415190C
FCPH2HL-F0C93E5560A33E056AAB31F5
FCPH2HL-99FBADFE800A3CC024F2D6C0
FCPH2HL-700BC19A767B6E2C15234217
FCPH2HL-6FD90CE85618286C6D9602E1
FCPH2HL-75AAB6276075581CE886B653
FCPH2HL-3202E1878686534CFB787A94
FCPH2HL-55848C48D5A33D5FDC2754B2
FCPH2HL-8E0FC9068DDB45E31D03E723
FCPH2HL-5069CB5FEE1629BF012373A2
FCPH2HL-0DEEB7F89BB1C72A14650FB7
FCPH2HL-DCB07491BB3C506E137036EF
FCPH2HL-18275FDA322E3B1A23C593CE
FCPH2HL-5900B314D06E12C7C68155DB
FCPH2HL-3634FEF4B1EA9C83ECDFAD39
FCPH2HL-993DC8C9F4AD49039490D238
FCPH2HL-2B5609F30111A038FF1767EA
FCPH2HL-30A3FA7B50C9906D80308916
FCPH2HL-8A3EF8A4BF8AB61D36995C82
FCPH2HL-B556324AD1AF356EBF0F1246
FCPH2HL-7B14B5818B416AB64133A24B
FCPH2HL-B4ED6F6EF60496383A106C40
FCPH2HL-3D25A7C1197F517EF88E929F
FCPH2HL-1E11C14C1FBDF1FADEDA413D
FCPH2HL-BE6ED586B7B59EF15FC317A9
FCPH2HL-2572015DC85304A69AC138D3
FCPH2HL-70E734195CA2CD80B260B120
FCPH2HL-0DAB0A1D47052FA5AAF17EF8
FCPH2HL-8BF048797ED83CC31A2DEB5F
FCPH2HL-9A2AAC753650637F4DA879CD
FCPH2HL-077614FF3122B990C89F1DC6
FCPH2HL-C15A7CDF5E59985DF17839C5
FCPH2HL-41C5CA5A5224EF788626B6B3
FCPH2HL-E0126AC74BD9C4750CA31289
FCPH2HL-48B137DF293A2C9230DCBCD8
FCPH2HL-6E8F728987372887D8E904E0
FCPH2HL-CAC643C87AFF735E8DDF3CEB
FCPH2HL-854A9FEC786C90BFFFD46C9C
FCPH2HL-E4D4620175847BC9B278D43E
FCPH2HL-6DB29C86D86C172803500A16
FCPH2HL-1B25E84591616515A332DDB2
FCPH2HL-EF9A1678F783831E120A8C1F
FCPH2HL-791DAE6572CD3B8436D02D7B
FCPH2HL-803BEAC2FD85D5787BCE8FDF
FCPH2HL-484654CC1B9ED9B64D0B29BC
FCPH2HL-3CA7F46B1E835B97AA873A2C
FCPH2HL-87BB35277DBCBB80F14C0933
FCPH2HL-3E0BC9E42F52268A6276E3E6
FCPH2HL-7C0CA0AA54DF4B813FF7BEA1
FCPH2HL-86ECEC011E31A27CA37C1247
FCPH2HL-4F3351CDE758703AFA9174E6
FCPH2HL-13BA63A32A0FCFB67DE326C3
FCPH2HL-6B6F945BD3214E0E185E1BAA
FCPH2HL-6378722B9678F3C87BB726C9
FCPH2HL-AF064AE005B5065D3ABA6470
FCPH2HL-7DFFD27BEAF33360D98690B8
FCPH2HL-75C03141BB2BAD799AA974BC
FCPH2HL-D7435573F11DAA7502DF7BAA
FCPH2HL-B89273AA1DC5844DB5706F3B
FCPH2HL-36F2F60377E809B59A53A82F
FCPH2HL-B0BC0F91D41F0DB929869E0E
FCPH2HL-19E472D1C9D130867705ABF7
FCPH2HL-E943A6C3DBA30E2701B09DF8
FCPH2HL-16F1886A5D4260544CF50D3A
FCPH2HL-3DC1C380B13F2496EDD17199
FCPH2HL-34D94CEEB948A1C8C65101C3
FCPH2HL-ADDEF58AC02D587C38B21617
FCPH2HL-B72804442F5DA6BE577B26EC
FCPH2HL-7F1BD900AAEC0BA5B813F03D
FCPH2HL-82FAE39A34A825A669667364
FCPH2HL-D39603EA2019F753146FA570
FCPH2HL-831977BDC16C018178FD8125
FCPH2HL-50CAA6BBDEFEFA5556678E03
FCPH2HL-680FCC2459405B6E0DF481D6
FCPH2HL-D509DFF60B2DF1BC2330D725
FCPH2HL-037DA103E2549EF8110A00B8
FCPH2HL-98895C8AD93AE0D52D0F155D
FCPH2HL-5237613FF8FA44A02B0FE084
FCPH2HL-1A7B323268F07A8759018DDC
FCPH2HL-E886E38DF1711FB96D824B64
FCPH2HL-546FD4EC4FD54E0F96EAD56D
FCPH2HL-8A65F29C960587DC4ECB6DE9
FCPH2HL-2C3C752485DE79E35234CD1A
FCPH2HL-6214D14C3955F4CF2E6E5829
FCPH2HL-F4EEE86684C672758802EA77
FCPH2HL-3A9F76C034079E00EC1CB67D
FCPH2HL-9565E60568C53395E60110DE
FCPH2HL-0DE3260797108CB3CC052AE8
FCPH2HL-15E197DD76A85C62638C2D94
FCPH2HL-C2D90140BA15A4CFF3F4B806
FCPH2HL-FB6337643452061EB0184D2F
FCPH2HL-A0C9375F43745086F63B3CD4
FCPH2HL-22A693B2EA8DBB80F4795155
FCPH2HL-0D86D617BEA39BB7E54B8B0F
FCPH2HL-C85C280FEF1B3D9D83D91697
FCPH2HL-44B2ED2A9F7FBD98C2EF9CF1
FCPH2HL-BA1D4482E79E65B3421536DE
FCPH2HL-B23129040E7EA4903F004B84
FCPH2HL-B9E59B448B9B396D86BF5B77
FCPH2HL-A6E34BC0C942F408228A4165
FCPH2HL-43C2233784ED90A842FEF2B4
FCPH2HL-64A6CB861406AE017D44F7FB
FCPH2HL-C946B8F1DBB5B6DC551AD21D
FCPH2HL-F3F6B9FAE0FF9E3C1E2E2DCD
FCPH2HL-F3BBB9476D855892CB264509
FCPH2HL-9CD488874B341161EDE29FFD
FCPH2HL-A242057579A23451B75ABDBB
FCPH2HL-C90E2777802B39AC556DA652
FCPH2HL-1AD0A61E667EC4A75EBEC45A
FCPH2HL-A0DBBC4F26DEC6FF2DD31C30
FCPH2HL-2DEE776DF36E4D7717AED3E0
FCPH2HL-66EC544A15C5F9BE2F8CDF04
FCPH2HL-1B540707DBE614A7E018566B
FCPH2HL-5C2428D56681B003CC5FB51D
FCPH2HL-0A6EB5860C9535AAEB089B6A
FCPH2HL-4BEEC817DD157B6BB4B77DCD
FCPH2HL-8F5D0F2AE91C74B19796CA83
FCPH2HL-0992FCD7012E8502D4A54248
FCPH2HL-4202890ACE4CFA84D1F94FAE
FCPH2HL-F760127452D499BB29128C3E
FCPH2HL-56A10F3CB8382CB0E22CE6AA
FCPH2HL-F32F6A7724ACE2A333A34DAB
FCPH2HL-13FAE71FD33860258FE50B7B
FCPH2HL-DDAA9F771A5DD5389D2A4D3D
FCPH2HL-6BFA1D479E42D3BCDD52968B
FCPH2HL-52F5CAF40BDABDB6137CB7FA
FCPH2HL-D7E0CD53E2E64F0E9BA4EA78
FCPH2HL-F001E97A00A3FD8AF866132B
FCPH2HL-A4F87B93A28022D04C537636
FCPH2HL-020E59E872E6FE0F6943A2D6
FCPH2HL-E1CA5076A1DAEDC2CDEA48C6
FCPH2HL-A55542206DA303548164CA89
FCPH2HL-915B000AB22FE347C152DF21
FCPH2HL-CB1A16DFCC9067BEEDF3114D
FCPH2HL-02DF688122154B0D1254B795
FCPH2HL-608A8152C0070603DC07C227
FCPH2HL-E7D3E93A2ACA7FF8961DA29C
FCPH2HL-2298A4E30C7FA963FA9136E8
FCPH2HL-83C1179C22918C321D6ADFE9
FCPH2HL-5CB29B5FD2E576A54987D0AE
FCPH2HL-6019C8884E4E76659584BC1A
FCPH2HL-F7362E7EB9DEB32187EB6141
FCPH2HL-4199D33B2EFE043A64CAA186
FCPH2HL-CDF17396FFAEB1D4E79D8762
FCPH2HL-D768F9470DE5886D669A1B61
FCPH2HL-61A93C4F640360A59251B6EE
FCPH2HL-CD1234E79A3B81B75730566F
FCPH2HL-8984938ACCC19AB6314D6173
FCPH2HL-2A6FDAF7BB17B8C613A6A155
FCPH2HL-B03035F6A6031B82CD5BF798
FCPH2HL-2B629C7FF71C42DFFDBA1A71
FCPH2HL-071E948FB7BB6CF372E0E530
FCPH2HL-C8AB33FA14B7CB3DB4E3AE86
FCPH2HL-43C9570C3835D406541D48DB
FCPH2HL-45EE7FB1622FE0D48B7FB3CC
FCPH2HL-6AB5A3E2CA1EE179F39FCAEC
FCPH2HL-0BF7BD51B8C5CC4686D51A36
FCPH2HL-FDE4A13722332D96507EE8A9
FCPH2HL-DBD2BBE894E9ABD3A105B1EB
FCPH2HL-37FEAAE904914F3501449A9F
FCPH2HL-BD51CF6025DA434095F500AD
FCPH2HL-B170F4B5DA3E5C099BF66728
FCPH2HL-AD816F64FC6F86CA704C3C28
FCPH2HL-20116E044C1F2A28D6A1E72C
FCPH2HL-EF369CE22BAE4F97F426F234
FCPH2HL-A488D9DFB55E064ABD7CB89C
FCPH2HL-20A7E3E68700B9CB0222623B
FCPH2HL-8A28C2667843D573ED5A0D93
FCPH2HL-19428753C33C35360E001201
FCPH2HL-CCD436D6AE4DB266F89F5288
FCPH2HL-3055B1577FE3E2D3C36E5868
FCPH2HL-DF5E44E8F609A9773C07622E
FCPH2HL-6F3B07A0C4F03922F297C29C
FCPH2HL-BAF89A69578567EE05D550A6
FCPH2HL-2565236F21FF981F2CE3DEE7
FCPH2HL-721FBA449FE47407B9570BB0
FCPH2HL-951AA0D99D03C320B411CA2E
FCPH2HL-4D34E8B2C88081828CACC3BD
FCPH2HL-8D73628A41E24CCFD758F1EA
FCPH2HL-57689C58C15B216019B039F2
FCPH2HL-C1E1632D48F2941EE29C737C
FCPH2HL-FB1E2C6149C3E9A9F45C117E
FCPH2HL-8D5C17ADEB56D50FB103B338
FCPH2HL-299960CB241953DA21F02EFA
FCPH2HL-0A28764D773474701E1A1158
FCPH2HL-7BD40640B789393C1302658E
FCPH2HL-CF72D097C841FDE750342348
FCPH2HL-5AA454CAFB363560F3F11E0D
FCPH2HL-595A4B6D479E09E0AEAC9006
FCPH2HL-3049E20F2A0D7318C1B813BD
FCPH2HL-268E3D12423E6D76D68CA704
FCPH2HL-B8B09E3B1BFCC41A8E9B6CC4
FCPH2HL-B5D80A94B841B26DE09EDF80
FCPH2HL-B47B88BEFB3DAAD017565A9F
FCPH2HL-46D871094EE0833F0385DB18
FCPH2HL-EEF3DAC4E266E417DF4F6A63
FCPH2HL-082A2A5F49F5CE4F62387F16
FCPH2HL-3423EC6D3A55B437C4751403
FCPH2HL-370ABDBDCC82E9041212AFE4
FCPH2HL-B17D3458E24AEB6A4377C59F
FCPH2HL-7F6521B8F40FCCCEFC0D4956
FCPH2HL-2E4059CED9F85AD88058D8CA
FCPH2HL-5345E91328B494852AE31550
FCPH2HL-57909AE904883EE89EF79F2D
FCPH2HL-59E280CAB6DC58034E90BBE2
FCPH2HL-4F4E64B462EB31D65C570511
FCPH2HL-87CD490C3605B269A2082895
FCPH2HL-3B525D98E9BC85AE06D477C7
FCPH2HL-DC7832163D516A457A946F1B
FCPH2HL-B761326D8F02F95EADB1B8E6
FCPH2HL-324E25C1A8C94743BB019169
FCPH2HL-5AC0ABFD905411A5BEF17282
FCPH2HL-4AA46E9304808C6AFEBE212F
FCPH2HL-4B921E2695D95928D32BDFA3
FCPH2HL-444AE64B512E98FE03C24B78
FCPH2HL-F7894A33E42D453690E06BC6
FCPH2HL-397A2C4BD48588E89D5E215D
FCPH2HL-688C0DD99BB000EA96612E3A
FCPH2HL-EDE92EF1828DD0785C6E3B99
FCPH2HL-BB1F0A086D632D69EEFAC3E4
FCPH2HL-395CC2B35B00FD19AEC04FA8
FCPH2HL-704F7B3473537965004D6990
FCPH2HL-56269177DFD0F10133500561
FCPH2HL-D05127938F07CA6EBCE0524F
FCPH2HL-74FB002B45FCB58ABD5E4DEE
FCPH2HL-7FEA0EB7A3173BF952A0B132
FCPH2HL-D443E55A3A457E5AB6C5F9FB
FCPH2HL-AA62B02E1EC1D5EEC41F0250
FCPH2HL-D814377CFCFCA98570301429
FCPH2HL-7B54DCB8F77DB9A1BAC66DB0
FCPH2HL-9935EC3A36F692ACB276D1C7
FCPH2HL-D923DE5F842D0AFE2ECC288C
FCPH2HL-D0E96278DA7C4BB8B2587462
FCPH2HL-55FE0F3A6A2E7BAC2961C252
FCPH2HL-6B90051DB6BD7AB37CD1005A
FCPH2HL-20F7667948C615BD6472D302
FCPH2HL-65F2BCE216C77E71734D4383
FCPH2HL-D26120F1D09D9048706DB1F3
FCPH2HL-D9291D6000602B6481E62578
FCPH2HL-F9A514C7312D066C6BA551FA
FCPH2HL-998B26A58C12471B96E3CBDD
FCPH2HL-EBBC6FC275440754EF4FE09A
FCPH2HL-92C7C9C986F5780DA9540E26
FCPH2HL-576AB54BD99EA7EBA37C9898
FCPH2HL-F84EB844A6A6328F5B6C474B
FCPH2HL-D88FF29A5B130455656AABDF
FCPH2HL-C3DF7CC364817CBB53EB3218
FCPH2HL-1E15837470B7C0A8BCB1E0B6
FCPH2HL-298C9D5C2BC388898EBA5869
FCPH2HL-5F0669E0DFF36CF2469BFAB8
FCPH2HL-1BAC42AE781E6627D7798C55
FCPH2HL-354EEDF02143AE08B5FD6C7C
FCPH2HL-4797D8E109D49693560E4B29
FCPH2HL-7615E88C3E01B975F8C670A7
FCPH2HL-26CD99C3D5116B67C43CC264
FCPH2HL-3BABDC10FF6892F0A15C9998
FCPH2HL-0283A008A9B70A43256F0912
FCPH2HL-34AF5655C4516B859CF1931B
FCPH2HL-8B2E8E1A22540B7240026775
FCPH2HL-7E2DBD9779A98D3F90492666
FCPH2HL-956321449E2C03816201A09D
FCPH2HL-AF59075D6E99B6154C014BF6
FCPH2HL-241D1171944CA70CA880F94A
FCPH2HL-B2153B01E4B2C4537E589124
FCPH2HL-B5B160062DD899B7771526E7
FCPH2HL-2F5D264B746F2A1DA4EF49F0
FCPH2HL-EEC29CC7D3B203CF0E33F58F
FCPH2HL-7BD285BE095D7D6023AE1EF1
FCPH2HL-A25796D0074C63AD56A8B8AB
FCPH2HL-EE053F78CC4358EEC13F1B85
FCPH2HL-1D407894F43A961AC4620084
FCPH2HL-A4316BB9CAD417830E6BE91F
FCPH2HL-DAFC34354EDB4A2CF05A36F6
FCPH2HL-B588DD102C85D41E2B37CCF2
FCPH2HL-7FE15CF8D4A5D0A214B14298
FCPH2HL-678ED89E2253E536F15CC862
FCPH2HL-24676E5F5B93E73795E2CCD0
FCPH2HL-0C07645C96EB2E93BE5EDFCA
FCPH2HL-D284075083016F8412CE133E
FCPH2HL-73167180B793C831AF87A239
FCPH2HL-93BD2BC0CC7F8599E6E7F7DB
FCPH2HL-B4FEBDD19694D2CD0AF47AD0
FCPH2HL-ED02BD95E81642D055A281A8
FCPH2HL-E92AACAFDB1922D75C4F8E0B
FCPH2HL-37C387141DBBC2F3D5D9FA93
FCPH2HL-31AF3BC8C1E1018CEEBE1AF5
FCPH2HL-9BF30DF393D02C1B3A9C7683
FCPH2HL-B7D227CF74A671DC9B53331D
FCPH2HL-680B576183225B9C08F97611
FCPH2HL-93C1498764FF22DCA607AF3D
FCPH2HL-9C46D48A62FAC54658176DC3
FCPH2HL-247180FC8E75DFD377B1C95B
FCPH2HL-06F95AC73F10340B1739ED7D
FCPH2HL-05F45FA1CD1C2ADDD9454217
FCPH2HL-5638B32AC4800EA72FC32A97
FCPH2HL-95C50F5D4174E30FC413F002
FCPH2HL-266682334D701188C1469CEC
FCPH2HL-D217254F7C3220DDDEB521B4
FCPH2HL-392EF2165EB956AAEF0451F3
FCPH2HL-4E6F751B137188E4F7F50B0F
FCPH2HL-1344C00B4971A9B0201198C4
FCPH2HL-EBBD7BA0C3058DA64CE8B47C
FCPH2HL-859DB4CA0A6958317A8482EA
FCPH2HL-05809521C9A508726020C270
FCPH2HL-4F6AF03B2C77328015DC2700
FCPH2HL-9658664B28C0C9548278D7B1
FCPH2HL-C22134FDF3547815F8CED694
FCPH2HL-A905C1A53E86BF5FA915CFC2
FCPH2HL-10A8443F16E302EC8EA91FA7
FCPH2HL-0642920393AD64E068BAE588
FCPH2HL-5199259A65D2A4491ACC4AC2
FCPH2HL-2C57A2B297BB9BCDF6F30B57
FCPH2HL-F5D2484301A10B8D3FA779D1
FCPH2HL-344CA6A8B6C4295F5CA386BB
FCPH2HL-02F11558DD9DCF67181E0E54
FCPH2HL-A024867D5A4AE3A29724C4BC
FCPH2HL-D7B29FB81AC8C372647EE394
FCPH2HL-4E220D74434FA3FDF91BE52E
FCPH2HL-74A483943B1EAFD0A93ABAE4
FCPH2HL-99F3185A00FD3602715CE18D
FCPH2HL-E94AC517BCA03965BA515760
FCPH2HL-6CD156D2926116A403FFC05C
FCPH2HL-CD55258B3E359A9FBE4E535F
FCPH2HL-CE95BE5A704EBE48635B8CD9
FCPH2HL-CCD70ABDF5F7959CF2BB172A
FCPH2HL-0D36C7A09730623401F9447E
FCPH2HL-850AE8B67923DDD27C10EFD5
FCPH2HL-384BB63929C65330CBF7830A
FCPH2HL-68F99A047CC934518F82499B
FCPH2HL-C65BEE04AEC46745A50E9429
FCPH2HL-65DEB329C48DE805F38495A6
FCPH2HL-E0D41A924E0D2869C08ED2A1
FCPH2HL-9B22D0D9B42CB335FFADAA81
FCPH2HL-6FFCBE9BB78779B791D37EF5
FCPH2HL-431E9A334C3E4B9D19EF1187
FCPH2HL-87815FC68349F9E4A89E314E
FCPH2HL-F17FB49ED4FEE00E6FFDFC5C
FCPH2HL-E642B879F72076185D2B9976
FCPH2HL-82A9DFAB051C994422765DBE
FCPH2HL-5BE324037E24C4C91EB00DB6
FCPH2HL-B19849F17A2D99B37F0257EB
FCPH2HL-9AD11030E542AA1123B6A0CA
FCPH2HL-45DCFC4C4D36D6E4FB203BB9
FCPH2HL-C1D96A875B777452F37FD7F3
FCPH2HL-A7A9F43AB5F93B68A2F7F151
FCPH2HL-5250FDA7E6AC2BEC91F9D3B0
FCPH2HL-4AB1760CF54C02B0663C6DBF
FCPH2HL-D411C96C3846545B5252BB21
FCPH2HL-9BA7C1B6F160EDD65BE10506
FCPH2HL-549E2FA8DE5CBE51263E7B3C
FCPH2HL-7203DA4743EAA3467E0504F5
FCPH2HL-92D77B5A1EDF9B3118F6133C
FCPH2HL-EAD29461D52A16C01918FF26
FCPH2HL-316FE91822836659D7A10B76
FCPH2HL-48360EA3EE5E3BD3BC9F6628
FCPH2HL-C847E3AFA8E4F88B26CD55CA
FCPH2HL-89E385AF13ABD6F8636B988E
FCPH2HL-18617EE6A1F75757581EB95D
FCPH2HL-1488DD0506F8BD3CC1C89BE7
FCPH2HL-FFB0BC7B80526A90EB36972A
FCPH2HL-5463B8DDF13D19EFDAB1A52E
FCPH2HL-DEADD5F7C846D7E454A82E44
FCPH2HL-CFC56E57F9DA75D067FA926B
FCPH2HL-CE767E9757C996E494B2CADA
FCPH2HL-F66A43164BE126195BC8402F
FCPH2HL-6D984AFF919CE89B82EFF9FF
FCPH2HL-971DAA7C607BF8DEEB6D55D2
FCPH2HL-7E3F56CF22B652255E185C23
FCPH2HL-1CF9A34C50C1F99A80F62E52
FCPH2HL-997A07E55E84419740890956
FCPH2HL-A734F8E0E8C0070A5DAF5B42
FCPH2HL-28680F11D767EA8EDEAEB784
FCPH2HL-A7C6735DA78CD350FB89F474
FCPH2HL-0C78F9954681FCC5A2A793FA
FCPH2HL-2CCD9E7B86549F7E74192560
FCPH2HL-33F556365E43D10ED09E5843
FCPH2HL-141CB7564771F4EAE8554B83
FCPH2HL-58063F95CD22C67F39897D46
FCPH2HL-5F74E359D0EB2334677603AE
FCPH2HL-569DC3450F409F53931F4AC5
FCPH2HL-EEC2220F42BC8A8AA9DDCB5A
FCPH2HL-281399309A3B2D205ED05C17
FCPH2HL-1CC63D8FBB37FEACE0F3A46F
FCPH2HL-57E125DE0C46D1E7E54C168B
FCPH2HL-6DDA9E4F86B48B0D82E7AC73
FCPH2HL-020BD1A2009D7067EE311C0D
FCPH2HL-2C64D0589E0290F9C6D4B5C8
FCPH2HL-E961C51596360027C9FF0C1C
FCPH2HL-F3C7D94E508090E56FD71068
FCPH2HL-8BE66A6DDFFA38E20531529F
FCPH2HL-143F326FA80F87CCD522A6AC
FCPH2HL-C6DF9D2DA458AEA98AC59338
FCPH2HL-2EB6C65CBB725BE46FE4B120
FCPH2HL-B7700552C189246770D4AF5A
FCPH2HL-6CF57DFAE02B4E86515F0F59
FCPH2HL-7F08E5579267A641F1D7619C
FCPH2HL-E476219A0267305D08943373
FCPH2HL-522A23E1A27357BEE4DA9EA4
FCPH2HL-439D5FC6F90B110F9D4C6DD3
FCPH2HL-244F1360CA928929DF530B28
FCPH2HL-92240C6F990817D345D43827
FCPH2HL-73DB6A995E8B16C663B3E58B
FCPH2HL-948D2616091C2144A05E4537
FCPH2HL-ADA92872BBFC21BEE548777A
FCPH2HL-49BE865B86A880D78B07DD74
FCPH2HL-8ADC60E00D261291DE6A528C
FCPH2HL-966B4F92F7AC02B6478960C4
FCPH2HL-0F86A889D8D491457ED00453
FCPH2HL-00D67BD86A9773F98AE1104A
FCPH2HL-D491C96C0EBE1B93ADC24072
FCPH2HL-C681C3166DC5435DCB37EC49
FCPH2HL-C57CFF568E019D8DB9601B84
FCPH2HL-69DB4F5570D1BFBEBCAE5083
FCPH2HL-8FFFF5E1D0D59AD15BBF21C4
FCPH2HL-D6B2B161B02A10AA011802DC
FCPH2HL-C347DC55421DEB32C7993672
FCPH2HL-20F4A6CCFBCFDDDD3FDA084F
FCPH2HL-58ED1DECBFC55FF2FDAB8EEF
FCPH2HL-8FBF6E78758D8A88C6AC7F7B
FCPH2HL-4FD343148512A48661F78925
FCPH2HL-6B3B9156F09F6534CF545624
FCPH2HL-3B36AC98158C585FCDD73351
FCPH2HL-776E69D4058B6C2AD66B57C8
FCPH2HL-69C2CF6A6C09CFAA31FBD044
FCPH2HL-4BFAFA0978ABDACD5CBB7AEB
FCPH2HL-9E255A8D5C6BFA5A7A86B644
FCPH2HL-615CE33A367D48481BBA2C6F
FCPH2HL-79F2808BC59ED60D836ABEF4
FCPH2HL-3F27ACCB2A283E48BD1D148A
FCPH2HL-71F6DA9EB9EBDF651DDFC5F8
FCPH2HL-0E0B05F86100F4E01DABA4AA
FCPH2HL-99CCA3559E07DF55ECEC491B
FCPH2HL-71CB206BCD8ECFC6210406D3
FCPH2HL-1D896E50C983B9B5E2D89C71
FCPH2HL-277326464FD43E47E9AA5835
FCPH2HL-F63232A096984194B22D4FAB
FCPH2HL-0BAD616D6B774FE9E68B714F
FCPH2HL-D3B9AEB7B020858DFE9C2058
FCPH2HL-897F24E56681AEC7E2B06A10
FCPH2HL-192FAB0D86198A992BABEA7E
FCPH2HL-ED91103144F123DDB16D1B87
FCPH2HL-93F7E1E366DE28F8701E4D90
FCPH2HL-84E4050552E1A5CA3832DD85
FCPH2HL-F17DD1D89FCB97A9F5FA4736
FCPH2HL-F88BEFC462287D1BB3A1784C
FCPH2HL-035C371D478AB99FA301742C
FCPH2HL-76DDDFC49C1AF5EA58870FE3
FCPH2HL-3C6FC4992E391E244A042963
FCPH2HL-5F1A481D7819D785EED2761B
FCPH2HL-A786BEFD15670C4E074A9DEC
FCPH2HL-233730A521C4750F75D6F19E
FCPH2HL-313AE2C1A2F1511776820DE2
FCPH2HL-3506665BA6EDF33F0D780FF8
FCPH2HL-AF7AEA0E0E27DD861A14F1D7
FCPH2HL-0DD94B4145D59D2F0942460B
FCPH2HL-A66CF2D6F073B6630DB8D84E
FCPH2HL-4FF550ACF562D06963581AD6
FCPH2HL-6E67583FA649E4CDAE5105D4
FCPH2HL-799BA164C3E1E7E81D3AD712
FCPH2HL-998C489CCEBDD9B03BDAC505
FCPH2HL-340EF92FE624208028B4B4F9
FCPH2HL-B1C088DF2F37AB430C72AA27
FCPH2HL-233E7815A19A0358DC859BD7
FCPH2HL-839A61E39EA33FCAB2B1D9CE
FCPH2HL-C0234E4E41126FF8D4F05973
FCPH2HL-58D13573FF0E7A0A82259AD9
FCPH2HL-708D7581B8CEFF1926C19AB0
FCPH2HL-648C96383E335B48AFC7CC70
FCPH2HL-890D50C1AE78500C4209E2AB
FCPH2HL-EC1570D6F420784F56E4C14E
FCPH2HL-7595FC32F33B7F62D5ADFB7B
FCPH2HL-124ED6CBC9AA2C6C30A7F383
FCPH2HL-AC86725145C2F0C1C95DE27E
FCPH2HL-9AD2B9EBC25170F522834EC4
FCPH2HL-D4959EBF89D5F19C4C3CB0C7
FCPH2HL-1D27930597597B15C80D587E
FCPH2HL-9A41078899EC0330C9A1642B
FCPH2HL-ECB54D335C1890A508DC130E
FCPH2HL-BB430FBC2E05B62BA284B4BD
FCPH2HL-B33E58F08ABC06910483B77F
FCPH2HL-A4EB3C4DB56A6CBBED1B0629
FCPH2HL-BCFEE902AE53F9AA865D5BF1
FCPH2HL-E639FA740C66E27F354302A4
FCPH2HL-8D49C16FF15F982E9FDD3E0E
FCPH2HL-B2022EB9AAFB5E2D48301069
FCPH2HL-F5F9FC36BD43CCD6C7670704
FCPH2HL-8059A08853252B4CF15563DB
FCPH2HL-25386128C61B75DC059B4F51
FCPH2HL-2ACBC129F8F806534EC2BE3F
FCPH2HL-6660545A65DC736948C05C7C
FCPH2HL-D8553BF1DD698B35B98EF540
FCPH2HL-17A3416F5AC6A8A0B062DAFE
FCPH2HL-F28F0D7B4BFC2AED9C8BFE3D
FCPH2HL-6E43BB8CBF5222D0C0D3C0E1
FCPH2HL-76DA305DFA9D7F76125387BA
FCPH2HL-1DAC332F1CC3352113BBE98B
FCPH2HL-ECC22A8A7E16F72D5582F4E4
FCPH2HL-DB16E6C0A9C3C468103E80D9
FCPH2HL-F897C92EB46C9B3E4595E459
FCPH2HL-70C4BD836EAA296417139C29
FCPH2HL-CA60F72B5EC085CBE5667571
FCPH2HL-B57AE5B166562C68944827A0
FCPH2HL-82F807A917269FC60782C13C
FCPH2HL-4CD45B3231568803E36D9909
FCPH2HL-2779884A50CDF475712F6289
FCPH2HL-4EA50E971908D3DBE2826153
FCPH2HL-A8E5716699E1FE8FC00D4EE0
FCPH2HL-06696E498BABE3BB8D454522
FCPH2HL-E45FFAF39D2A4C206E17F5FB
FCPH2HL-152FF86D31383B1C68E178A8
FCPH2HL-76E966C2E1E9BF65FF152E75
FCPH2HL-64B977DB19CBCB441A3AB11F
FCPH2HL-8CC82CD136D97308240892E0
FCPH2HL-0AAD992EB6FFB19143ED3D2A
FCPH2HL-FD2217AA53C3720E2203EB25
FCPH2HL-A71541F4FCE2188235BD5477
FCPH2HL-84AE5B500FA14A27FA7E079B
FCPH2HL-8B76847D8C3AAC1EAE852D1F
FCPH2HL-B32108F898B3E65058BACAB3
FCPH2HL-69A4AF24F02A571DA5B84A15
FCPH2HL-94DC6D1F80B1C382F376F18E
FCPH2HL-72236B6C0E7BDA3DB018ACFC
FCPH2HL-FC46356CFAA9AC8161EA33FB
FCPH2HL-899280BCD464B542B9E5CE94
FCPH2HL-F3446C1ED0B8F8374C9ACE59
FCPH2HL-A2647FC05C58566CD04BCDF5
FCPH2HL-80ADF540C728F0006C33D32A
