inat_taxon_id,species,D,second_fraction,primary_second_ge_0_10,rho_primary,log1p_span_reserve,n_classifiable,genus
47687,Erodium cicutarium,0.5907372400756143,0.4347826086956521,True,0.122294366882711,9.88223403964229,46,Erodium
47894,Opuntia humifusa,0.0634238108035474,0.0327868852459016,False,0.1351985175808135,9.404048841519154,61,Opuntia
47908,Asclepias angustifolia,0.056710775047259,0.0144927536231884,False,-0.0389991286820023,7.670537841774791,69,Asclepias
48152,Cynoglossum officinale,0.4878048780487805,0.1951219512195122,True,-0.0091103137477279,9.28694167082022,41,Cynoglossum
48363,Tecoma stans,0.0357024793388429,0.0181818181818181,False,0.2472550451571261,9.890729044356737,55,Tecoma
48625,Oenothera speciosa,0.3277501131733816,0.1276595744680851,True,0.0722160189946059,9.848286652286275,47,Oenothera
48651,Cosmos sulphureus,0.0363511659807955,0.0185185185185185,False,-0.0193158121899783,9.901725620394917,54,Cosmos
49322,Carpobrotus edulis,0.5772641762966945,0.3934426229508196,True,0.0272611247626171,9.90040951448365,61,Carpobrotus
50612,Lupinus nanus,0.1575505350772887,0.0862068965517241,False,0.1117141187275611,6.970706343589563,58,Lupinus
50642,Delphinium nudicaule,0.3594952293013235,0.2105263157894736,True,0.0234732378141015,6.634450577689289,57,Delphinium
50832,Gilia tricolor,0.1871240810871017,0.1044776119402985,True,0.0167907852585729,9.130222006123972,67,Gilia
50878,Erigeron glaucus,0.3616863905325445,0.0961538461538461,False,0.0642793034694187,9.100502538406117,52,Erigeron
51082,Quincula lobata,0.1542503283918184,0.0410958904109589,False,0.0391979446064372,7.585463668875573,73,Quincula
51306,Linum usitatissimum,0.3662306777645661,0.2413793103448276,True,-0.104634909266074,9.900801994551257,58,Linum
51646,Rubus parviflorus,0.1738165680473373,0.0961538461538461,False,0.0413893193214168,9.122634082135992,52,Rubus
51850,Collinsia tinctoria,0.240702479338843,0.1136363636363636,True,0.0540540523301261,6.457368760217558,44,Collinsia
52078,Richardia grandiflora,0.06718192627824,0.0172413793103448,False,0.0520687318384938,8.936973224075253,58,Richardia
52355,Pavonia hastata,0.258512396694215,0.0909090909090909,False,0.0167628955287068,9.872033186488652,55,Pavonia
52588,Centaurea solstitialis,0.04875,0.025,False,-0.050582716701968,9.783048866459582,80,Centaurea
52621,Cirsium occidentale,0.5453898184407263,0.3584905660377358,True,-0.0395116550938902,7.075544479919575,53,Cirsium
52821,Achillea millefolium,0.0496715269988784,0.0126582278481012,False,0.0270320086438996,9.903228922844352,79,Achillea
53041,Kalmia angustifolia,0.0327777777777777,0.0166666666666666,False,-0.0194879891419784,7.807095067146688,60,Kalmia
53077,Pseudognaphalium californicum,0.1362456747404843,0.0735294117647058,False,0.0188587934653234,6.920247573336531,68,Pseudognaphalium
53092,Helenium puberulum,0.1325133902003571,0.056338028169014,False,-0.0561429842561945,6.968120050569837,71,Helenium
53166,Osmorhiza berteroi,0.1738165680473373,0.0961538461538461,False,-0.0693999100654735,9.455708164972954,52,Osmorhiza
53193,Rafinesquia californica,0.0,0.0,False,0.0352452235751671,7.012749555282516,53,Rafinesquia
53208,Delairea odorata,0.0,0.0,False,-0.0109286315430242,9.896020933031247,71,Delairea
53212,Silene gallica,0.2344045368620038,0.0869565217391304,False,-0.042703619110609,9.902982306520853,46,Silene
53324,Vicia sativa,0.6014814814814814,0.2222222222222222,True,-0.008467836647858,9.899701000839272,45,Vicia
53328,Viola adunca,0.3335798816568047,0.2115384615384615,True,0.014786687718597,8.522694707486387,52,Viola
53785,Fumaria officinalis,0.3940024989587672,0.1836734693877551,True,0.0160884310701087,9.885251393916,49,Fumaria
54453,Ferocactus cylindraceus,0.0464852607709751,0.0238095238095238,False,0.0029803132974404,6.269801860485987,42,Ferocactus
54520,Tanacetum parthenium,0.0984989036937089,0.0519480519480519,False,0.0264376703619326,9.900489878547637,77,Tanacetum
54793,Lindera benzoin,0.0505987518974531,0.0259740259740259,False,0.0486551616433661,7.729294511161168,77,Lindera
54875,Trichostema lanceolatum,0.5175619834710743,0.3636363636363636,True,0.0198011152015228,7.2222051091765715,44,Trichostema
55021,Arabidopsis thaliana,0.1348760330578513,0.0727272727272727,False,0.0221401324832087,9.898358667462558,55,Arabidopsis
55411,Raphanus raphanistrum,0.4833531510107015,0.3620689655172414,True,0.1166790884718313,9.899357156231407,58,Raphanus
55443,Trifolium lupinaster,0.5490196078431373,0.3529411764705882,True,0.3146426966519224,8.841441379722443,51,Trifolium
55727,Cymbalaria muralis,0.2888047593293672,0.0697674418604651,False,0.0688192749830947,9.903263803556191,43,Cymbalaria
55734,Sedum acre,0.0,0.0,False,-0.1070004484522072,9.888382563419643,55,Sedum
55759,Silene dioica,0.2055150884495317,0.0806451612903225,False,-0.0386791219130451,9.899544235872503,62,Silene
55798,Tulipa sylvestris,0.1524453694068678,0.032258064516129,False,-0.0419311845814274,9.230681297795085,62,Tulipa
55809,Leucojum aestivum,0.0,0.0,False,0.0526164186436571,9.894621306381742,51,Leucojum
55858,Cornus mas,0.0876951331496784,0.0303030303030303,False,-0.0159066177594227,9.257756266746043,66,Cornus
55886,Lunaria annua,0.6030615877536489,0.3962264150943396,True,-0.0510064718079501,9.902222741199392,53,Lunaria
55894,Agrimonia pilosa,0.1049382716049383,0.0555555555555555,False,0.0697074271959209,9.010223376027493,72,Agrimonia
55967,Galeopsis bifida,0.1144,0.04,False,-0.0065359946023432,9.312800518918102,50,Galeopsis
56057,Leucanthemum vulgare,0.2631135098667567,0.1558441558441558,True,-0.058153789829866,9.873509219309765,77,Leucanthemum
56061,Alliaria petiolata,0.152647137866165,0.0655737704918032,False,-0.0992590151205569,9.40507241536296,61,Alliaria
56136,Primula vulgaris,0.3348765432098766,0.1111111111111111,True,0.0048604694815559,9.900020259165824,72,Primula
56137,Ornithogalum umbellatum,0.056290695232094,0.0289855072463768,False,0.0620609706608472,9.88249616408731,69,Ornithogalum
56174,Echium vulgare,0.0596449704142012,0.0307692307692307,False,0.1414423728335309,9.90144950101931,65,Echium
56826,Lomatium macrocarpum,0.364158163265306,0.2142857142857142,True,0.3073171120854697,7.6655920556735015,56,Lomatium
56838,Perideridia kelloggii,0.0475907198096372,0.024390243902439,False,0.0133494646482796,5.268400888047965,82,Perideridia
56868,Crepis vesicaria,0.0532933008069056,0.0273972602739726,False,-0.075351848807905,9.901684546747628,73,Crepis
57054,Lupinus formosus,0.46875,0.375,True,0.0704398821269493,6.855887997790411,40,Lupinus
57076,Trifolium campestre,0.0540123456790124,0.0277777777777777,False,0.0263931175906382,9.899039149847631,72,Trifolium
57087,Cicendia quadrangularis,0.0758310249307478,0.0394736842105263,False,-0.0361070542541734,9.488901300756817,76,Cicendia
57250,Prunus ilicifolia,0.2543402777777778,0.125,True,-0.0095165795539182,7.362202928944436,48,Prunus
57310,Vicia tetrasperma,0.0783007080383174,0.0408163265306122,False,0.0431851033947446,9.889969699413582,49,Vicia
57311,Lathyrus aphaca,0.1823146397815584,0.1014492753623188,True,-0.0126697537246991,9.339724140311546,69,Lathyrus
57312,Vicia ludoviciana,0.5105462412114657,0.3488372093023256,True,0.0191070400168626,8.071448580987312,43,Vicia
57393,Pulsatilla pratensis,0.4973230220107079,0.2439024390243902,True,-0.009068672323416,7.801237259734097,41,Pulsatilla
57427,Legousia speculum-veneris,0.2823691460055095,0.1515151515151515,True,0.0118330885636598,8.045645390711188,66,Legousia
57504,Ononis natrix,0.029405212742259,0.0149253731343283,False,0.0111314649010581,8.294532203649508,67,Ononis
57850,Nuphar lutea,0.148283038501561,0.0806451612903225,False,-0.0165577115696425,8.97017706342598,62,Nuphar
57858,Veronica anagallis-aquatica,0.1323484148968914,0.0526315789473684,False,0.094617387460885,9.893791332461081,57,Veronica
58014,Corethrogyne filaginifolia,0.5070153061224489,0.2678571428571428,True,-0.0617490178950611,7.269312380869306,56,Corethrogyne
58039,Stephanomeria exigua,0.0785244704163623,0.027027027027027,False,0.0578034575138699,7.524626428153196,74,Stephanomeria
58074,Descurainia sophia,0.2923456790123457,0.1777777777777777,True,0.0220787770915738,9.46028050673709,45,Descurainia
58164,Trifolium depauperatum,0.5377999094612946,0.1914893617021276,True,-0.1293918997089895,7.507550715200494,47,Trifolium
58211,Forestiera pubescens,0.0416478044363965,0.0212765957446808,False,-0.0430685248610733,7.84526458581351,47,Forestiera
58361,Calochortus splendens,0.5848800362154822,0.1914893617021276,True,0.0343956516476412,7.008664293293221,47,Calochortus
58822,Dittrichia graveolens,0.0739644970414201,0.0384615384615384,False,-0.0170231446694809,9.9020936740387,52,Dittrichia
58831,Heterotheca grandiflora,0.0532933008069056,0.0273972602739726,False,-0.0486593578569462,8.449106530482156,73,Heterotheca
58917,Geranium carolinianum,0.1155029585798816,0.0615384615384615,False,0.1462716020365871,9.537991315429814,65,Geranium
59035,Solanum americanum,0.3047520661157024,0.1590909090909091,True,0.0340144040637155,9.900761960131524,44,Solanum
59243,Eriogonum wrightii,0.0939916716240334,0.024390243902439,False,-0.1469022584913378,7.589635730141421,41,Eriogonum
59752,Erigeron divergens,0.0918367346938776,0.0238095238095238,False,0.0291418191402307,8.211351555387495,84,Erigeron
59753,Erigeron pulchellus,0.1673132062742452,0.0779220779220779,False,-0.0328907951535754,7.695468350614073,77,Erigeron
59943,Iris sibirica,0.2030178326474623,0.074074074074074,False,-0.093101065220808,9.14610224358286,54,Iris
59982,Phacelia hastata,0.22625,0.075,False,0.1201550551276635,7.501081320392145,40,Phacelia
60220,Ludwigia peploides,0.0555102040816326,0.0285714285714285,False,0.0277503397753162,9.886289537982309,70,Ludwigia
60241,Anemopsis californica,0.1207075962539023,0.064516129032258,False,-0.0325548209847153,7.744568147594777,62,Anemopsis
60496,Erythronium grandiflorum,0.155,0.0666666666666666,False,0.0535485077179442,7.712024556318714,60,Erythronium
60505,Erythronium montanum,0.2149104539775095,0.1224489795918367,True,0.0316724556016661,6.393221990313505,49,Erythronium
60885,Dactylorhiza sambucina,0.67875,0.25,True,0.0907348378537516,7.843287400295809,40,Dactylorhiza
60955,Ericameria ericoides,0.1619753086419753,0.0888888888888888,False,-0.0417486143103309,6.46859320482095,45,Ericameria
61297,Lactuca perennis,0.4861928474422816,0.2765957446808511,True,-0.0002866974111166,7.676037255403282,47,Lactuca
61776,Oxalis incarnata,0.1313912009512484,0.0344827586206896,False,-0.0925596593227906,9.871453349520571,58,Oxalis
61821,Lathyrus tingitanus,0.1707818930041151,0.074074074074074,False,0.0114536237335857,9.903818703349645,54,Lathyrus
61824,Trifolium hybridum,0.1913265306122449,0.1071428571428571,True,0.0433880242002104,9.855253965728776,56,Trifolium
62258,Galearis rotundifolia,0.0,0.0,False,0.3374540584252442,8.58079064232359,63,Galearis
62262,Dichelostemma multiflorum,0.3168854685378,0.1702127659574468,True,0.0351517339873606,6.437372425840108,47,Dichelostemma
62338,Lysimachia vulgaris,0.0583648919581198,0.0149253731343283,False,-0.0832460969726063,9.205311428309587,67,Lysimachia
62406,Goodyera pubescens,0.25350837483024,0.1489361702127659,True,-0.1251098175960647,7.888140313468422,47,Goodyera
62474,Opuntia fragilis,0.2705112960760997,0.1206896551724138,True,0.0153462293001699,7.91246634536561,58,Opuntia
62493,Spiraea douglasii,0.388468809073724,0.1739130434782608,True,-0.1026695292190204,9.217987754166659,46,Spiraea
62659,Ipomopsis rubra,0.4783057851239669,0.3409090909090909,True,-0.0146004842795196,7.627126994724993,44,Ipomopsis
62942,Ipomoea triloba,0.6235207100591715,0.3269230769230769,True,-0.034921169453593,9.897254126490418,52,Ipomoea
63047,Calystegia macrostegia,0.1420118343195264,0.0769230769230769,False,0.0901472427675287,6.632232348967429,65,Calystegia
64093,Salvia lyrata,0.1484044598231451,0.0392156862745098,False,0.0763509107525334,7.702696374885843,51,Salvia
64410,Calochortus bruneaunis,0.2621878715814505,0.1551724137931034,True,0.097651008064785,6.7940319567762355,58,Calochortus
67775,Claytonia caroliniana,0.0281632653061223,0.0142857142857142,False,-0.0410944921233844,7.744404386404792,70,Claytonia
68034,Hieracium venosum,0.0920915712799166,0.0483870967741935,False,-0.007341445807193,7.42557547181632,62,Hieracium
68553,Rafinesquia neomexicana,0.0920915712799166,0.0483870967741935,False,0.0252955093817997,7.02686122498441,62,Rafinesquia
69624,Oxalis acetosella,0.1067995728017088,0.0566037735849056,False,0.0641268412272992,9.185247668500125,53,Oxalis
69636,Cardamine flexuosa,0.0363511659807955,0.0185185185185185,False,0.0868139606546627,9.897432269206373,54,Cardamine
69713,Rubus hispidus,0.0357024793388429,0.0181818181818181,False,-0.1361013780777285,7.714599148555986,55,Rubus
69816,Sagittaria platyphylla,0.0357024793388429,0.0181818181818181,False,0.0563465331742839,9.744693645871104,55,Sagittaria
69855,Lupinus excubitus,0.2965976331360948,0.1346153846153846,True,-0.0184631468870115,6.292491612097814,52,Lupinus
75255,Acacia saligna,0.0350765306122449,0.0178571428571428,False,0.1121393020385781,9.888118762380534,56,Acacia
75326,Aliciella latifolia,0.2790697674418604,0.1395348837209302,True,0.1943219603721363,6.707592920517061,43,Aliciella
75371,Allium vineale,0.4773242630385487,0.1904761904761904,True,0.0381561960010686,9.880577042529733,42,Allium
75427,Amsonia tomentosa,0.0,0.0,False,0.0061232676043472,6.733076043516466,63,Amsonia
75469,Antennaria racemosa,0.2423668639053254,0.123076923076923,True,-0.0360473581463465,7.45050795129486,65,Antennaria
75573,Arnica latifolia,0.029405212742259,0.0149253731343283,False,-0.1307011825245718,7.849453092835541,67,Arnica
75602,Asclepias curassavica,0.21875,0.125,True,0.2107209422641225,9.891505584402845,48,Asclepias
75615,Astragalus agrestis,0.5246876859012493,0.3170731707317073,True,0.0476673421149224,9.232546036722544,41,Astragalus
75756,Berberis nervosa,0.1680384087791495,0.0925925925925925,False,0.0613718256988881,7.226548572806366,54,Berberis
75766,Bidens laevis,0.0,0.0,False,-0.0530098751008058,9.279726153797093,62,Bidens
75956,Calycoseris wrightii,0.0917107583774251,0.0317460317460317,False,-0.0530971150131862,7.058219112163631,63,Calycoseris
76006,Carduus acanthoides,0.333243751679656,0.1311475409836065,True,-0.0059197307317625,9.89202627814045,61,Carduus
76358,Cirsium undulatum,0.4822485207100592,0.1538461538461538,True,0.0478608771155861,8.029627051037131,52,Cirsium
76563,Cyclospermum leptophyllum,0.3140987507436049,0.1951219512195122,True,0.1395050021487047,9.890496359223548,41,Cyclospermum
76630,Delphinium nuttallianum,0.1659259259259259,0.0444444444444444,False,0.0446393804311728,7.570605777509191,45,Delphinium
76897,Erigeron annuus,0.0,0.0,False,0.0029873026474539,9.490976998835976,80,Erigeron
77069,Erysimum concinnum,0.1031404958677686,0.0545454545454545,False,-0.048005047481926,5.517042957029331,55,Erysimum
77206,Galium mollugo,0.2002314814814815,0.0972222222222222,False,0.1398306084575069,9.223291365937403,72,Galium
77281,Glebionis segetum,0.0,0.0,False,-0.0569092191164483,9.901119430046162,79,Glebionis
77305,Grindelia squarrosa,0.0,0.0,False,0.0835332496826941,9.27228805829782,71,Grindelia
77403,Heuchera cylindrica,0.3199999999999998,0.2,True,0.0274428394035291,7.211471443329851,55,Heuchera
77616,Lactuca biennis,0.3487499999999999,0.225,True,0.0736384861977291,8.451642607382407,40,Lactuca
77672,Lepidium perfoliatum,0.2565289256198347,0.109090909090909,True,0.0050764526195593,9.773787807991942,55,Lepidium
77778,Linaria purpurea,0.3760092272202999,0.196078431372549,True,-0.0075763182051214,9.876201726504853,51,Linaria
77830,Lomatium triternatum,0.0635633270321363,0.0217391304347826,False,-0.0153740272480809,7.3848768672200205,92,Lomatium
77838,Lotus tenuis,0.0273919753086417,0.0138888888888888,False,0.0271535806406656,9.88394688082059,72,Lotus
77960,Marah oregana,0.1026785714285714,0.0357142857142857,False,-0.0290880157610578,7.149304518405594,56,Marah
78245,Oenothera primiveris,0.1120242214532871,0.0441176470588235,False,0.0245957748590071,7.0760509285076525,68,Oenothera
78283,Ornithopus pinnatus,0.0,0.0,False,0.0741015548058891,9.893690620684232,59,Ornithopus
78333,Palafoxia arida,0.1219281663516067,0.0652173913043478,False,-0.0231674951378929,7.206948074390382,46,Palafoxia
78346,Papaver somniferum,0.6144000000000001,0.36,True,-0.0416958726826613,9.901287225040067,50,Papaver
78399,Penstemon davidsonii,0.2176,0.08,False,-0.0512683115660619,7.442922511499956,50,Penstemon
78451,Persicaria capitata,0.3326124567474048,0.1911764705882352,True,0.0313400459883474,9.897292019495525,68,Persicaria
78824,Ranunculus glaberrimus,0.0273919753086417,0.0138888888888888,False,0.0420037284102282,7.428826762205643,72,Ranunculus
78847,Rhododendron columbianum,0.0392000000000001,0.02,False,0.0092653831516293,7.415446428010836,50,Rhododendron
78872,Romanzoffia sitchensis,0.1138659320477502,0.0606060606060606,False,0.0702864320723301,7.894866755937316,66,Romanzoffia
78886,Rosa rubiginosa,0.673913043478261,0.3478260869565217,True,0.122164855004818,9.882345957918162,46,Rosa
78887,Rosa woodsii,0.546639231824417,0.2037037037037037,True,0.0135027697903211,8.017840298799754,54,Rosa
78955,Salsola australis,0.2962500000000001,0.15,True,-0.0552052069182212,9.628922147913128,40,Salsola
79095,Sidalcea sparsifolia,0.5036982248520709,0.1538461538461538,True,-0.0371920854400758,6.051311002702191,52,Sidalcea
79313,Tagetes minuta,0.48,0.4,True,-0.020030635418931,9.8942114005613,50,Tagetes
79499,Viburnum edule,0.0917107583774251,0.0317460317460317,False,0.1158899533262932,8.695499737330396,63,Viburnum
82688,Erica arborea,0.1420118343195264,0.0769230769230769,False,-0.0638763581464273,9.899554270564405,52,Erica
82741,Lathyrus clymenum,0.2016528925619835,0.0545454545454545,False,0.1006495760095394,8.5110868989016,55,Lathyrus
82853,Cydonia oblonga,0.0338882282996433,0.0172413793103448,False,0.0288024150065814,9.825543279457857,58,Cydonia
82861,Anemone palmata,0.22840790842872,0.1129032258064516,True,-0.0267673283884578,7.3801631688007365,62,Anemone
83362,Phyllota phylicoides,0.0392000000000001,0.02,False,0.0660067224279597,7.249293544439295,50,Phyllota
84281,Clinopodium vulgare,0.6454081632653061,0.3928571428571428,True,0.0781848728363295,9.898450559207618,56,Clinopodium
84344,Centaurea scabiosa,0.6802721088435375,0.3809523809523809,True,-0.0243254006476318,9.180657608341741,42,Centaurea
84510,Filipendula rubra,0.643664485425342,0.2439024390243902,True,0.0379132113664186,7.591575888980009,41,Filipendula
84666,Sabatia angularis,0.50439453125,0.28125,True,0.0044844129167701,7.6271684337496755,64,Sabatia
84668,Sabatia campestris,0.3455621301775146,0.0923076923076923,False,8.096580657849279e-05,6.942614259942758,65,Sabatia
84732,Erigeron speciosus,0.4653835104854926,0.2033898305084746,True,-0.018139374104789,9.162518163341604,59,Erigeron
85027,Lilium martagon,0.548907388137357,0.2580645161290322,True,0.027577562737314,9.194658567307675,62,Lilium
85331,Ratibida pinnata,0.075355632449058,0.0392156862745098,False,-0.0146922490428742,7.805784446057096,51,Ratibida
117309,Erigenia bulbosa,0.0,0.0,False,0.0149486509580834,7.405851026798069,63,Erigenia
118571,Ceanothus fendleri,0.1011080332409972,0.0263157894736842,False,0.0712196394885756,7.48971994779615,76,Ceanothus
119795,Zizia aptera,0.0,0.0,False,0.0061732675511317,8.292086869377203,77,Zizia
119810,Lysimachia lanceolata,0.0570934256055364,0.0294117647058823,False,-0.0066866198459227,7.657449030577724,68,Lysimachia
120008,Ludwigia decurrens,0.1089795918367346,0.0428571428571428,False,0.1156109634886007,9.761471560365862,70,Ludwigia
120917,Calotropis procera,0.2256515775034293,0.1296296296296296,True,0.016646487042012,9.888106299174039,54,Calotropis
121635,Ptilotus exaltatus,0.0807291666666665,0.0208333333333333,False,0.0375012953161885,8.193625293159727,48,Ptilotus
121785,Tradescantia occidentalis,0.2354528588294823,0.0779220779220779,False,0.0561550164789334,7.842181108204734,77,Tradescantia
122587,Monarda citriodora,0.5375878853434289,0.3023255813953488,True,0.0395867127366131,8.270390062135107,43,Monarda
124817,Ranunculus auricomus,0.0,0.0,False,0.0297655021210676,8.389721755990495,73,Ranunculus
125103,Houstonia micrantha,0.0522666666666664,0.0133333333333333,False,0.0156205463612422,7.648154647823154,75,Houstonia
125380,Asclepias purpurascens,0.3399999999999998,0.1,True,-0.0228496553596968,7.584818005464716,50,Asclepias
125675,Glandularia bipinnatifida,0.5093877551020408,0.1714285714285714,True,0.1509351343575758,8.012891758093758,70,Glandularia
125902,Cardamine douglassii,0.0322493953238376,0.0163934426229508,False,-0.0346917373710475,7.375446044995562,61,Cardamine
126369,Anemone virginiana,0.2659279778393353,0.1578947368421052,True,-0.0064956313477491,8.12938801107408,57,Anemone
126484,Salvia misella,0.5425347222222223,0.2916666666666667,True,-0.0820751862359721,9.78339000642819,48,Salvia
126617,Xyris ambigua,0.1608996539792389,0.088235294117647,False,-0.0293247995258925,7.503642943115073,68,Xyris
126633,Ruellia simplex,0.3985890652557319,0.2063492063492063,True,0.0203330646255639,9.899624210933007,63,Ruellia
126702,Stellaria pubera,0.0312421264802218,0.0158730158730158,False,-0.0543468539739641,7.221772677202613,63,Stellaria
126869,Ipomoea quamoclit,0.2034339229968782,0.0967741935483871,False,0.0174668517873458,9.8974720387586,62,Ipomoea
126887,Berberis aquifolium,0.0,0.0,False,0.0525212152516519,9.319294936087411,62,Berberis
126892,Senecio viscosus,0.1398975272889284,0.0597014925373134,False,0.0336043627461808,9.15493477068591,67,Senecio
126980,Plumbago zeylanica,0.0665873959571936,0.0344827586206896,False,0.008645736082151,9.895736306294967,58,Plumbago
127010,Nandina domestica,0.2975206611570247,0.1818181818181818,True,-0.0102708633589505,9.876310476414316,44,Nandina
127037,Vernonia gigantea,0.5169760072430964,0.4468085106382978,True,0.0639821700429134,7.702588856634951,47,Vernonia
127059,Conradina canescens,0.0281632653061223,0.0142857142857142,False,0.0067724677701547,5.802452790753101,70,Conradina
127270,Borrichia frutescens,0.0249959942316935,0.0126582278481012,False,0.0117185112721666,8.14914221104896,79,Borrichia
127279,Canna flaccida,0.1371742112482852,0.074074074074074,False,0.1410319017231807,9.514570996267665,54,Canna
127345,Vicia sepium,0.4661979448350459,0.2790697674418604,True,0.0272814160516363,9.135942538462869,43,Vicia
127899,Portulaca amilis,0.0785244704163623,0.027027027027027,False,-0.0299276155788328,9.423143091186335,74,Portulaca
128038,Corydalis flavula,0.0370238519045924,0.0188679245283018,False,0.017824614662871,7.563086688155761,53,Corydalis
128076,Hypericum tetrapetalum,0.0828571428571427,0.0285714285714285,False,-0.0202284111812414,6.664478201630797,70,Hypericum
128652,Salvia coccinea,0.1721536351165981,0.0555555555555555,False,-0.0235108010642953,9.796455613939997,54,Salvia
128715,Thalictrum pubescens,0.0547510414600276,0.028169014084507,False,0.1378630891467156,7.807589647425003,71,Thalictrum
129036,Thunbergia grandiflora,0.3796646836127637,0.1627906976744186,True,0.0367819860776379,9.90152508119831,43,Thunbergia
129098,Pedicularis sylvatica,0.510410469958358,0.3414634146341463,True,0.0577385618055829,7.998528443178383,41,Pedicularis
129347,Ilex glabra,0.0677131425053862,0.0350877192982456,False,-0.0011680613523333,7.923508152054661,57,Ilex
129361,Viola hastata,0.0317377731529655,0.0161290322580645,False,0.1159663799259377,7.1777081775617155,62,Viola
129446,Honckenya peploides,0.4763705103969753,0.391304347826087,True,0.0621040517432746,9.224398855673371,46,Honckenya
130545,Bistorta vivipara,0.170879316482734,0.0943396226415094,False,0.0371436981689549,9.449625963039045,53,Bistorta
130869,Gomphrena serrata,0.2030738221214412,0.0793650793650793,False,-0.0320323485081453,9.860408231232231,63,Gomphrena
131140,Gentiana clusii,0.1009541397353033,0.0350877192982456,False,-0.1472414151743702,7.443784844879947,57,Gentiana
131153,Erigeron quercifolius,0.0746219592373438,0.0256410256410256,False,0.1623615687714987,7.245757806253971,78,Erigeron
131637,Rhexia alifanus,0.4019753086419754,0.2444444444444444,True,-0.0297754274483155,7.36574451925283,45,Rhexia
132855,Rubus pubescens,0.0992865636147443,0.0344827586206896,False,0.0417098650965249,8.519806409784934,58,Rubus
133005,Actaea spicata,0.1189216427311665,0.0634920634920634,False,0.0448948729713619,9.200179654273253,63,Actaea
133031,Chrysosplenium alternifolium,0.1014030612244898,0.0535714285714285,False,0.0065216094012027,8.36155140711171,56,Chrysosplenium
133064,Linum alpinum,0.5439053254437869,0.4769230769230769,True,0.000671972055922,7.618289655855686,65,Linum
133294,Portulaca pilosa,0.059228650137741,0.0151515151515151,False,-0.0501782248436906,9.874345321323323,66,Portulaca
133350,Impatiens balsamina,0.436381960191484,0.2222222222222222,True,0.0373333015358715,9.901503883214431,63,Impatiens
133488,Hippocrepis comosa,0.0,0.0,False,0.0833995062370828,7.730588528188243,70,Hippocrepis
133665,Voyria aphylla,0.068877551020408,0.0357142857142857,False,0.0023094584383893,8.91553918304275,56,Voyria
136384,Verbesina occidentalis,0.0377218934911243,0.0192307692307692,False,-0.0005133020546466,7.517816455277229,52,Verbesina
142279,Symphyotrichum pilosum,0.0673336938885882,0.0348837209302325,False,-0.0029882054720712,9.372793253327828,86,Symphyotrichum
142283,Megaskepasma erythrochlamys,0.0928019036287923,0.048780487804878,False,0.0614016525249108,9.895628082558128,41,Megaskepasma
142979,Vernonia noveboracensis,0.4767397154940407,0.2745098039215686,True,-0.033787255919971,7.568288370110408,51,Vernonia
143356,Kennedia prostrata,0.06103515625,0.015625,False,-0.0494979648645265,8.134521176465359,64,Kennedia
143359,Drosera macrantha,0.3702385190459237,0.2452830188679245,True,0.0077948957704671,6.740334859135522,53,Drosera
146622,Loeselia mexicana,0.0966666666666666,0.0166666666666666,False,0.0399168007282538,7.422806005616979,60,Loeselia
152133,Elephantopus tomentosus,0.1087278106508875,0.0576923076923076,False,-0.0085047204404619,9.535092621571,52,Elephantopus
153953,Salvia tiliifolia,0.4296,0.22,True,0.0542569458452222,9.75722210240242,50,Salvia
154224,Lysimachia nemorum,0.060546875,0.03125,False,0.1076439114751438,7.926365510428248,64,Lysimachia
154543,Cunila origanoides,0.2265625,0.0833333333333333,False,-0.0087911105181915,7.577248244967331,48,Cunila
157838,Abutilon fruticosum,0.2114571318723568,0.0980392156862745,False,-0.0750423141346841,9.624954526958932,51,Abutilon
158043,Aethusa cynapium,0.0270219553387127,0.0136986301369863,False,0.0338241799737196,9.12308278940772,73,Aethusa
158194,Allium scorodoprasum,0.6304,0.24,True,-0.0077950658240457,9.020743047500593,50,Allium
158459,Aquilegia brevistyla,0.4400181077410593,0.2553191489361702,True,0.073895108265796,8.1903627919699,47,Aquilegia
159273,Blephilia ciliata,0.1104809913883638,0.0434782608695652,False,0.207063755143692,7.256716458087243,69,Blephilia
159601,Bunias orientalis,0.026661796932067,0.0135135135135135,False,0.0108869909850807,8.679789727632533,74,Bunias
159699,Calopogon barbatus,0.5649382716049383,0.3777777777777777,True,-0.0395547611192153,6.691834870349455,45,Calopogon
159727,Calystegia spithamaea,0.1238185255198487,0.0434782608695652,False,-0.0615241900916089,7.562110851350097,46,Calystegia
160297,Centratherum punctatum,0.5207939508506616,0.1739130434782608,True,-0.0502471343359409,9.89312313953728,46,Centratherum
160757,Clinopodium gracile,0.3168854685378,0.1702127659574468,True,0.0209207809784256,9.690598168276054,47,Clinopodium
161657,Delphinium bicolor,0.1484044598231451,0.0392156862745098,False,-0.0308439864974202,7.103062542011471,51,Delphinium
161947,Diplacus puniceus,0.3513313609467455,0.1538461538461538,True,-0.0669441994097593,5.7776569114474245,52,Diplacus
162093,Drosera brevifolia,0.0,0.0,False,0.0587152009553585,9.077074959061635,57,Drosera
162431,Erica tetralix,0.6364014993752602,0.4081632653061224,True,0.1303746544623742,7.962472085357148,49,Erica
163075,Frasera fastigiata,0.41125,0.25,True,-0.015112779606804,5.422916890404518,40,Frasera
163184,Galium palustre,0.0,0.0,False,0.0080678251189852,9.898820643487257,76,Galium
163229,Gentiana linearis,0.1630622837370243,0.0735294117647058,False,0.0623753261270933,7.641279236407664,68,Gentiana
163256,Geranium caespitosum,0.5536332179930796,0.2941176470588235,True,0.2033151780123672,7.275012221457716,51,Geranium
163265,Geranium sibiricum,0.0525931336742147,0.027027027027027,False,0.041274188570083,9.350340156151695,74,Geranium
163683,Herbertia lahue,0.4834710743801652,0.4090909090909091,True,0.0103470259414675,9.845733949906467,66,Herbertia
164076,Ipomoea amnicola,0.0333237575409364,0.0169491525423728,False,0.0548609711626466,8.954220324137363,59,Ipomoea
164091,Ipomoea nil,0.5546457814168744,0.3773584905660377,True,0.0290982307317653,9.89928516747208,53,Ipomoea
164720,Lomatium columbianum,0.4918032786885244,0.3114754098360656,True,-0.0195225179928109,5.014939418051105,61,Lomatium
164730,Lomatium geyeri,0.0256367009613762,0.0129870129870129,False,-0.0888740669719937,6.209924505504099,77,Lomatium
165190,Matelea edwardsensis,0.336734693877551,0.2142857142857142,True,-0.1538418152386673,6.159349561261293,42,Matelea
165527,Moricandia arvensis,0.4855820576717694,0.1886792452830188,True,0.1105926319817258,7.739284364015877,53,Moricandia
165669,Nemastylis geminiflora,0.5732248520710058,0.3846153846153846,True,0.123907434851054,7.106897535430802,52,Nemastylis
165759,Nymphoides indica,0.2456140350877192,0.1228070175438596,True,0.0214673289281191,9.835536153082426,57,Nymphoides
165891,Opuntia macrorhiza,0.1420118343195264,0.0769230769230769,False,0.0162913607414609,9.325964386890378,52,Opuntia
166061,Palafoxia texana,0.3461457676958621,0.2028985507246377,True,0.0610515181128074,6.080797007257107,69,Palafoxia
166852,Physocarpus malvaceus,0.0831758034026464,0.0434782608695652,False,0.0221735394060602,7.46003880345318,69,Physocarpus
167316,Portulaca umbraticola,0.6039150354019158,0.3469387755102041,True,0.0847823008694097,9.901715988392619,49,Portulaca
167723,Ranunculus glacialis,0.3305858765872131,0.1194029850746268,True,0.0496587685660934,8.224119571189876,67,Ranunculus
168218,Ruellia metziae,0.0281632653061223,0.0142857142857142,False,-0.0869821246427655,8.071158991492732,70,Ruellia
168387,Salvia nemorosa,0.3319452706722189,0.1219512195121951,True,0.0612358537553867,9.339394703514923,41,Salvia
168400,Salvia texana,0.1902497027348394,0.0689655172413793,False,0.1121666317090573,6.856215363659828,58,Salvia
168725,Scutellaria serrata,0.3178980228928201,0.1774193548387097,True,-0.0035725718740734,6.713465831425092,62,Scutellaria
168843,Senna lindheimeriana,0.0547510414600276,0.028169014084507,False,-0.0395090739868407,7.314605474746699,71,Senna
168976,Silene rotundifolia,0.200960219478738,0.0925925925925925,False,-0.0485596369595526,6.128677020608315,54,Silene
168993,Silphium integrifolium,0.0370238519045924,0.0188679245283018,False,-0.1448496534046312,7.289137988664724,53,Silphium
169109,Solidago hispida,0.1060956790123456,0.0416666666666666,False,-0.0281790805010461,8.097285477361615,72,Solidago
169675,Thelesperma filifolium,0.0,0.0,False,-0.1063625224043227,7.429223177123449,71,Thelesperma
169752,Thymus praecox,0.5560493827160493,0.2666666666666666,True,0.0233272847792401,8.550662616612051,45,Thymus
169982,Trigonotis peduncularis,0.0795646462750986,0.0273972602739726,False,-0.0187690273366248,7.822811591674337,73,Trigonotis
170185,Veronica alpina,0.3565181174510621,0.2040816326530612,True,-0.1050480054275185,9.004998830286914,49,Veronica
170358,Xyris caroliniana,0.4985520160392069,0.4029850746268656,True,0.3201109557970031,7.456802486553257,67,Xyris
179648,Aphyllanthes monspeliensis,0.5058864265927977,0.4342105263157895,True,-0.0204650317148962,7.300872491982238,76,Aphyllanthes
181901,Zinnia elegans,0.4262152777777779,0.1875,True,0.0076724125140982,9.902842765955931,48,Zinnia
183233,Aegiceras corniculatum,0.2903033908387865,0.1463414634146341,True,-0.0328210573579372,9.23170247197619,41,Aegiceras
183320,Anarrhinum bellidifolium,0.5051239669421488,0.2909090909090909,True,-0.0171674957906197,7.2845318920682045,55,Anarrhinum
199181,Gymnadenia rhellicani,0.6515369146796897,0.2711864406779661,True,0.0041561100903391,7.343407361569635,59,Gymnadenia
200075,Smallanthus uvedalia,0.0416478044363965,0.0212765957446808,False,-0.0230361916928158,8.114819497260129,47,Smallanthus
204271,Circaea canadensis,0.1687398593834506,0.0930232558139534,False,0.1308148090971249,7.859737178254055,43,Circaea
204420,Strophostyles helvola,0.4556811421772755,0.1951219512195122,True,0.0077238547278058,7.958547658281357,41,Strophostyles
209347,Viola cornuta,0.4208579881656804,0.2692307692307692,True,0.0512603062274824,7.429562910150876,52,Viola
209376,Pseudorchis albida,0.5207939508506616,0.4782608695652174,True,0.2734012410238127,8.515296791185463,46,Pseudorchis
209586,Asphodelus albus,0.2401297998918334,0.1395348837209302,True,-0.0852397606158542,7.818611736296902,43,Asphodelus
210990,Gardenia jasminoides,0.1219281663516067,0.0652173913043478,False,0.0894686582013131,9.654599707048911,46,Gardenia
245731,Lobelia pedunculata,0.0505987518974531,0.0259740259740259,False,0.0902553402062966,9.870076120387418,77,Lobelia
279747,Roldana barba-johannis,0.0,0.0,False,0.0554648494987906,7.358705552270303,54,Roldana
280392,Dyssodia tagetiflora,0.0,0.0,False,-0.0500160487184346,7.004989382312674,85,Dyssodia
283656,Hypoxis decumbens,0.1344255408527619,0.072463768115942,False,0.2142179205727266,8.907825852092031,69,Hypoxis
286995,Salvia longispicata,0.5376000000000001,0.48,True,0.0082121461961619,7.417729121085104,50,Salvia
319120,Cynoglossum creticum,0.3790087463556851,0.2244897959183673,True,-0.0542679619616244,9.631872979814768,49,Cynoglossum
320704,Adenostyles alliariae,0.628099173553719,0.3181818181818182,True,-0.0006455571937755,7.774197777549078,44,Adenostyles
320809,Hottonia palustris,0.0,0.0,False,-0.0547591291022368,8.030673668156071,75,Hottonia
321030,Kunzea capitata,0.515,0.35,True,-0.0088385569844283,6.537196658432401,40,Kunzea
321032,Bauera rubioides,0.3354591836734693,0.125,True,0.2983733200817118,7.404037024218796,56,Bauera
321090,Caladenia carnea,0.5754132231404958,0.25,True,0.1593811843903048,7.46813316216348,44,Caladenia
321102,Dillwynia floribunda,0.0,0.0,False,-0.008032681085538,7.0432270988843575,62,Dillwynia
321203,Patersonia sericea,0.2844444444444445,0.08,False,-0.0084912127584409,7.341494539927565,75,Patersonia
321207,Platysace lanceolata,0.0,0.0,False,-0.0118468349163129,7.379642811941388,72,Platysace
322012,Iris japonica,0.0298438934802571,0.0151515151515151,False,0.2199397923021186,9.888774726928208,66,Iris
323231,Aotus ericoides,0.0370238519045924,0.0188679245283018,False,-0.0683796041222432,7.641371916728353,53,Aotus
323866,Sphaerolobium minus,0.0357024793388429,0.0181818181818181,False,0.2851540965416495,7.441317953351013,55,Sphaerolobium
323883,Hibbertia aspera,0.0302958579881655,0.0153846153846153,False,-0.0037509941969818,7.7525585706612965,65,Hibbertia
324502,Euploca procumbens,0.0327777777777777,0.0166666666666666,False,0.0673888782455996,9.886187375075894,60,Euploca
333757,Disphyma australe,0.0649999999999999,0.0166666666666666,False,0.0638230045458357,7.218097470884388,60,Disphyma
334567,Grewia occidentalis,0.4716553287981859,0.2142857142857142,True,0.1049406736754157,9.796626118563731,42,Grewia
334755,Vicia onobrychioides,0.1067995728017088,0.0566037735849056,False,-0.0248549031063665,7.567274298595198,53,Vicia
336295,Cicerbita alpina,0.5105462412114656,0.3488372093023256,True,-0.0976815764260736,8.150111570508571,43,Cicerbita
336871,Hymenoxys grandiflora,0.0,0.0,False,-0.0453465312885783,6.6413571831454785,71,Hymenoxys
338417,Simethis mattiazzi,0.2426697530864195,0.125,True,0.0123415222532391,7.627409989051972,72,Simethis
353887,Schelhammera undulata,0.5559076505205975,0.3617021276595745,True,0.0093826525077283,6.365256436203469,47,Schelhammera
357176,Buphthalmum salicifolium,0.056290695232094,0.0289855072463768,False,-0.0515681487014011,6.837264448614779,69,Buphthalmum
358187,Globularia repens,0.302866414277988,0.1860465116279069,True,0.1610724979050175,7.023321184843917,86,Globularia
361308,Pulmonaria mollis,0.065,0.0166666666666666,False,0.0450766915990264,9.048153257774564,60,Pulmonaria
366692,Olearia arborescens,0.1207075962539023,0.064516129032258,False,-0.0194295291586007,7.116846641538715,62,Olearia
366715,Pimelea prostrata,0.0333237575409364,0.0169491525423728,False,-0.0482312997627592,7.2423739466624815,59,Pimelea
405101,Polygala virgata,0.6287499999999999,0.325,True,0.0494101353274363,9.453543139468751,40,Polygala
406971,Viola filicaulis,0.0,0.0,False,0.0883939996798461,7.19879613589676,46,Viola
410902,Aechmea distichantha,0.2586805555555556,0.1041666666666666,True,-0.0113393626975047,8.940743236356186,48,Aechmea
415330,Philotheca spicata,0.5122865472719701,0.2244897959183673,True,0.0282940392845798,6.34377623361856,49,Philotheca
431220,Lapageria rosea,0.2142857142857143,0.0952380952380952,False,0.0218378988240295,6.55519082396811,42,Lapageria
470643,Erythranthe guttata,0.0,0.0,False,0.019852717264692,9.865174729078246,60,Erythranthe
481347,Scaevola crassifolia,0.2595486111111111,0.0833333333333333,False,-0.0123979379887305,7.9987443429007365,48,Scaevola
489547,Hibiscus pedunculatus,0.5304,0.28,True,0.0442273616191289,9.372580073758527,50,Hibiscus
495697,Ranunculus polyanthemos,0.051911111111111,0.0266666666666666,False,-0.072503768974841,8.575068400919005,75,Ranunculus
498086,Primula pauciflora,0.5293005671077504,0.3043478260869565,True,0.2031785825495353,8.333353128675483,46,Primula
511287,Wahlenbergia capensis,0.4789670970428987,0.3469387755102041,True,-0.0104933722074306,9.115814837776966,49,Wahlenbergia
524340,Cadaba aphylla,0.17965496728138,0.073170731707317,False,0.2051780231097542,7.36277538441456,41,Cadaba
524900,Argentina pacifica,0.0,0.0,False,0.0165455201070212,8.181882320348905,68,Argentina
526700,Convolvulus angustissimus,0.5405917159763314,0.3384615384615385,True,0.1790168106046299,7.356529395865214,65,Convolvulus
537403,Pultenaea spinosa,0.0,0.0,False,-0.010609136618015,7.632500457908246,51,Pultenaea
543632,Campanula giesekiana,0.129855507599925,0.0410958904109589,False,0.2510025823989966,8.764144363167345,73,Campanula
544086,Thalictrum tuberosum,0.1395514417942327,0.0754716981132075,False,0.0588606771409047,6.624605878434745,53,Thalictrum
545347,Hemiandra pungens,0.1597242171789715,0.0338983050847457,False,0.1125013140382212,6.422904742644969,59,Hemiandra
545370,Kennedia coccinea,0.2631427750646367,0.135593220338983,True,0.0276647113969589,6.505032246944757,59,Kennedia
545973,Erythranthe nasuta,0.086776859504132,0.0454545454545454,False,-0.098046934105121,7.74434512192274,66,Erythranthe
550645,Scaevola nitida,0.499054820415879,0.4782608695652174,True,-0.0156941857219378,6.361554520073591,46,Scaevola
554805,Tropaeolum tricolor,0.4218496484586262,0.3023255813953488,True,0.3083109347195604,7.363490101264984,43,Tropaeolum
564970,Chamaenerion latifolium,0.4765625,0.2083333333333333,True,0.0258609668370865,9.313161065855546,48,Chamaenerion
566532,Senecio odoratus,0.0273919753086417,0.0138888888888888,False,-0.1075281491868389,7.164869583417553,72,Senecio
579088,Adenium multiflorum,0.2662500000000001,0.075,False,0.1702975539710971,7.808296183309293,40,Adenium
716947,Lysimachia europaea,0.0920915712799166,0.0483870967741935,False,0.0948001939098073,9.163490135100448,62,Lysimachia
738046,Veronica regina-nivalis,0.439508506616257,0.3260869565217391,True,0.1641528309428402,6.699859967606202,46,Veronica
738777,Veronica elliptica,0.3594104308390022,0.119047619047619,True,0.0552077460095195,9.054640206248768,42,Veronica
738781,Veronica lyallii,0.1225477022305832,0.0655737704918032,False,0.1248291629626314,6.521084200000096,61,Veronica
765394,Sambucus nigra,0.0619803476946334,0.0158730158730158,False,-0.0416565382097499,9.899406991911297,63,Sambucus
769248,Andersonglossum virginianum,0.0992865636147443,0.0344827586206896,False,-0.0976748779175061,7.621163429822283,58,Andersonglossum
771851,Erythranthe bicolor,0.0570934256055364,0.0294117647058823,False,0.2068680721554028,6.375592949723495,68,Erythranthe
805291,Pittocaulon praecox,0.1207075962539023,0.064516129032258,False,-0.0124778167095689,6.857327742349744,62,Pittocaulon
860746,Geobalanus oblongifolius,0.46875,0.375,True,0.0230159180709724,6.974438804514523,40,Geobalanus
902550,Marcus-kochia littorea,0.6320153061224489,0.3214285714285714,True,0.0095110579758279,7.1866561840876555,56,Marcus-kochia
905463,Thymbra capitata,0.6451247165532881,0.3809523809523809,True,0.0692955836758651,8.307173339895579,42,Thymbra
923031,Spiranthes australis,0.3367626886145405,0.1666666666666666,True,-0.0387787844307292,9.55944615303067,54,Spiranthes
962649,Pontederia azurea,0.3705621301775147,0.1923076923076923,True,0.1277687670923354,8.620396605342085,52,Pontederia
977347,Pigea calycina,0.4621487603305785,0.2909090909090909,True,-0.00242630293483,6.115373233707586,55,Pigea
1005385,Cerastium holosteoides,0.1348760330578513,0.0727272727272727,False,0.013891897909215,9.189074246675034,55,Cerastium
1096279,Cornus unalaschkensis,0.0665873959571936,0.0344827586206896,False,-0.045627375779331,8.08725707115251,58,Cornus
1415101,Cleomella lutea,0.0,0.0,False,0.0018793121670064,7.332210829097728,71,Cleomella
1449995,Palustricodon aparinoides,0.0624349635796044,0.032258064516129,False,0.010885759373699,7.983592581729677,62,Palustricodon
1464017,Oxalis smalliana,0.5897542690545606,0.2653061224489796,True,-0.0458507557834319,7.2368215468496295,49,Oxalis
1550566,Cochemiea grahamii,0.2598347107438017,0.0909090909090909,False,0.1894819526247444,6.706017195953394,55,Cochemiea
